"Species"	"Male_chro_complexity"	"Male_achro_complexity"	"Female_chro_complexity"	"Female_achro_complexity"	"Dichromatism_chro"	"Dichromatism_achro"	"Crown_dic"	"Gorget_dic"	"Belly_dic"	"Mantle_dic"	"Rump_dic"
"1"	"Coeligena_bonapartei"	15.9429163225471	9.85416233	7.62581796589824	10.27621304	7.61478735148443	4.43594072	8.92559288354606	16.7944782172892	5.26709680717872	5.50795561286212	1.57881323654604
"2"	"Coeligena_coeligena"	2.53599803338544	2.37833714	2.91912770145487	3.23253152	0.736560652026934	0.97397764	0.263733847847531	0.750584619540586	0.129083485529705	0.97333313521357	1.56606817200328
"3"	"Coeligena_eos"	16.111051482456	3.76696236	5.81485536566432	11.33365084	7.69409669049532	4.64356494	12.45398652193	17.7698037259029	2.86172130470767	4.52946943095313	0.855502468982872
"4"	"Coeligena_helianthea"	10.5229436937714	7.47811428	4.30739501873474	6.26309116	7.63398727867507	4.55329958	9.84157302296321	16.9438173697188	2.45287114377333	5.2439083986175	3.68776645830245
"5"	"Coeligena_inca"	7.40080753129723	9.9257377	5.24030931645901	3.97469498	2.52664472216958	4.55110416	6.67655318400421	1.90250053200852	1.14046381751258	1.20356138561302	1.71014469170959
"6"	"Coeligena_iris"	5.46501410349137	8.70171439	5.66443709973663	6.29290792	3.55570548283937	2.18630594	5.50032615206694	6.4238596937162	1.61766338879258	2.03747678823755	2.19920139138356
"7"	"Coeligena_lutetiae"	9.63709828115812	6.1784081	2.88472091845944	5.56614396	6.91307333563402	3.44611738	7.92170095576578	16.1827536519257	1.68378640134275	5.26858410831993	3.50854156081598
"8"	"Coeligena_phalerata"	9.76564832307783	4.6256809	4.83533253431022	3.50842247	9.46241698577219	6.74668324	15.2994532567663	16.3091530926664	4.83223905439758	5.6557450980015	5.21549442702912
"9"	"Coeligena_prunellei"	3.41936521646109	4.98984918	4.32207279749586	7.77114566	1.82646082208582	4.30874784	1.93801324383546	2.17112685744505	1.12668247377294	0.974872530151361	2.9216090052243
"10"	"Coeligena_torquata"	6.48005450576893	4.63079994	5.45568329517649	5.61457208	3.39428215815434	3.00097314	7.71967314247624	0.407324458529773	2.86322817629189	3.80211589872098	2.17906911475285
"11"	"Coeligena_violifer"	10.0482441901298	4.75372716	4.61234472815511	4.82898855	6.0362885557616	2.87247684	9.40071829447126	14.3277272346979	0.993979207863253	3.30333595839837	2.15568208337726
"12"	"Coeligena_wilsoni"	3.59240243691583	4.15278085	4.57659451685203	3.6221361	1.15301760943016	1.62358996	0.878227687178309	0.742474359615642	0.275920758256838	2.58823330818121	1.2802319339188
"13"	"Coeligena_orina"	14.8203048166966	12.29018014	5.86078693902452	9.59043252	9.01738453887161	7.53091112	9.93701239387855	19.744749338807	6.27099913235109	5.40407759900686	3.73008423031453
"14"	"Ocreatus_underwoodii"	3.72589449525977	2.00400614	4.4845476669981	3.17808464	3.84520861466026	3.6459058	2.7743866056588	9.88343936441628	4.35879192786764	0.754704376521238	1.45472079883733
"15"	"Eutoxeres_aquila"	3.41058903414726	1.73488804	3.11337224374168	4.13988368	1.11760046164823	1.80714808	0.793069128007209	0.998816730418084	1.21680113078924	1.43712926408188	1.14218605494474
"16"	"Adelomyia_melanogenys"	3.2764471494002	3.40229834	4.9000295478293	8.09749702	4.11256614600568	4.39275038	5.90958482152788	2.29675691612769	1.23661142897173	6.57782321743029	4.5420543459708
"17"	"Colibri_thalassinus"	3.21586356210557	1.90658299	2.83655644639591	4.18021542	3.7607565403447	2.05017558	4.74473259668637	4.98123745988171	3.76314371720972	2.27461210991524	3.04005681803046
"18"	"Heliangelus_exortis"	8.70182428867891	9.9963478	5.73074097655469	6.13687025	3.29075824603164	4.11704578	4.71242910718433	6.14791238029226	1.41735413212601	3.03334059005913	1.14275502049645
"19"	"Eriocnemis_vestita"	11.5947533633144	6.3389984	9.42087521321151	4.68474064	2.95215638293001	3.1189228	0.706442529814244	8.95739931441812	2.92267429511477	1.14363294437909	1.03063283092386
"20"	"Colibri_delphinae"	2.69259970816179	2.41114769	2.11644326446724	1.88477528	1.44231573798975	4.11731634	0.776521418921807	3.0082964426261	0.849923307744098	1.32879941128031	1.24803810937643
"21"	"Florisuga_mellivora"	5.97938989926287	10.69927228	4.10166252766064	6.15619012	3.16657697601886	3.71437294	4.90435454254398	6.47648193478373	0.301688623746753	3.00377598487071	1.14658379414915
"22"	"Aglaiocercus_kingii"	4.24450207351694	4.60096063	6.687856476669	4.42387869	4.30894095195198	4.40856526	5.81076107276105	5.31954380558756	5.13862699356552	3.80560176478343	1.47017112306235
"23"	"Amazilia_saucerottei"	3.08535773261999	5.04713585	3.3293706006401	5.33536172	2.09020347498454	3.40846742	1.56549100021	1.57432504192091	3.36626882734488	3.14833710092601	0.796595404520893
"24"	"Phaethornis_syrmatophorus"	2.21369344956003	7.48315334	3.78004300140525	7.22658331	1.93870554149935	4.44335036	1.27741051150986	1.5828531746273	0.924722602294716	3.77323715058281	2.13530426848207
"25"	"Haplophaedia_aureliae"	4.87458053170783	6.04003022	5.36920383381346	1.41888426	2.64675588312309	3.01215066	1.9250845803259	1.63641953853836	1.61533320250548	2.96945674816647	5.08748534607922
"26"	"Phaethornis_guy"	3.67832369888089	2.1138535	3.49078368310165	3.66294252	1.3640025303245	1.84004342	1.2335721206346	0.799927760364063	1.29448637546475	2.69755179027267	0.794474604886392
"27"	"Heliodoxa_rubinoides"	6.74466999506801	10.81469562	5.13409213643133	9.73080398	2.19100387295673	2.08319872	4.09535975016192	2.15528369841151	1.1975286802314	2.13615276271511	1.37069447326369
"28"	"Doryfera_ludoviciae"	3.79624524557396	5.05486178	4.16417352651834	4.34911831	1.04198114854106	1.35937302	1.20367332035936	1.5668441463021	1.24069018783824	0.352415997753906	0.846282090451709
"29"	"Colibri_coruscans"	5.43682710362202	3.88570487	10.9885825815916	6.31817387	5.12166012090834	3.12567822	3.77194224075331	3.61694036072253	10.614685429253	1.94528809993971	5.6594444738731
"30"	"Amazilia_franciae"	8.63663546892972	7.7633275	6.79476088226192	7.58427306	3.35138941336767	2.28407406	10.1231866085806	0.408116475327	0.342602163311644	3.8149895870274	2.06805223259171
"31"	"Amazilia_cyanifrons"	6.33098026780862	6.99278488	6.72961340459874	6.25058208	1.63858817706243	2.39264444	0.99004061342775	2.54915948939966	1.89422823749625	0.990827906890176	1.76868463809833
"32"	"Lesbia_victoriae"	3.79122396985387	8.71468088	7.07434383539044	8.28308963	4.01593115607741	7.1671987	1.76088434437568	9.53691985171641	3.4846286502069	2.71837169787921	2.57885123620882
"33"	"Selasphorus_rufus"	4.72540827332917	8.10004841	3.99151796264616	4.96780863	5.05648388403763	4.4586441	2.01901973303094	13.2196379546002	2.17815487653545	3.00317362363194	4.8624332323896
"34"	"Calypte_costae"	6.7186776336691	6.0364849	2.78317451888876	3.34811845	5.63926206758032	3.96855198	11.0217886315055	7.86599660641872	2.29083886030913	3.17705348352816	3.8406327561401
"35"	"Selasphorus_platycercus"	7.39820428675787	7.4273651	3.29646706994909	2.61232604	4.07831917895432	3.04432498	1.95166894296464	11.3081293624629	0.497588142493527	3.41825187137819	3.21595757547229
"36"	"Selasphorus_sasin"	6.66961283462866	9.07908953	4.83475353681918	4.38499372	5.06934919820015	5.7446092	3.68663765066338	13.2895188267235	2.76619339118278	2.99629187179825	2.60810425063285
"37"	"Archilochus_colubris"	6.89934214349796	10.39501172	2.49429876159796	2.31926048	5.6861567385748	4.66768028	3.58274436819447	14.4993285664808	6.70173584282313	0.834463892074688	2.81251102330088
"38"	"Archilochus_alexandri"	6.44753774957625	4.92329256	2.89367044905594	3.46667264	3.50933462334662	3.2666009	1.13785441379704	9.50832652586636	1.24935259531974	2.13999146439301	3.51114811735693
"39"	"Calypte_anna"	6.65746649809869	9.4001869	1.3822559454968	3.37714124	3.81998030310708	5.78788604	5.98544216141674	9.92770417285501	0.457362017587704	0.74481992763905	1.9845732360369
"40"	"Selasphorus_calliope"	6.37574024180492	5.81334374	5.11481859666958	7.01735294	4.69955092011597	4.5913001	1.93792463474111	8.43447918732619	0.763173661063878	6.63084445548259	5.73133266196608
"41"	"Atthis_heloisa"	5.4966240024245	6.55466729	4.15776912809138	3.20586535	2.92467013414666	4.2165036	0.251849376673086	6.55051248028727	2.6436043095333	3.89466388436631	1.28272061987335
"42"	"Calothorax_lucifer"	3.20983777432884	10.967916	3.17174590624779	3.80320088	3.24075270117216	6.24506448	1.9945896861728	6.23296534729538	2.40858897328743	0.716819655535104	4.85079984357009
"43"	"Heliomaster_constantii"	3.87343751106733	4.18624279	2.02913318273987	6.22513305	2.20267501722232	5.3619877	0.969411327976598	6.84444854397917	1.13927557929922	0.557590323544535	1.50264931131205
"44"	"Amazilia_tzacatl"	3.97728837218185	4.59353207	3.94297518430605	3.23179334	4.38229291811322	3.98967484	4.35471583778011	3.5099509575762	5.34771484059301	3.69700696137891	5.00207599323786
"45"	"Cynanthus_latirostris"	8.0605063911531	5.2838603	4.33149752051048	4.74862829	5.67799983008118	6.93690346	5.01776736253974	15.3279974724652	4.42799028275857	2.09414393061448	1.52210010202793
"46"	"Amazilia_violiceps"	3.12347576281161	6.05170505	2.37725052129937	7.11988045	2.94027908182136	2.86091124	7.06941180480569	1.342389494255	0.70428797962457	2.72186677845163	2.86343935196988
"47"	"Lampornis_clemenciae"	5.70440931413288	4.32552654	2.03454481944077	1.46554588	2.97943544407507	4.17721182	0.23269116266165	10.0883941922736	0.615557856162588	2.33304653139491	1.62748747788254
"48"	"Amazilia_beryllina"	5.36679459064004	4.24947373	5.36721269908526	1.12977016	4.25791283612788	2.58706008	3.47044467857875	2.30678681891955	4.32795931388782	6.15233800146309	5.03203536779021
"49"	"Lamprolaima_rhami"	7.46946293373171	10.57076575	6.72363686060303	3.84872702	4.94382588884464	6.72083188	7.12448862917021	5.93179402794494	5.4384401989797	2.87084287210877	3.35356371601959
"50"	"Eugenes_fulgens"	12.3342108894602	5.61252771	2.92917566421707	5.56591256	7.87255880340585	3.19165624	19.2632204862275	9.6754989097433	5.51664875531163	4.13818641566197	0.769239450084897
"51"	"Amazilia_cyanocephala"	6.72363181966496	6.04614828	5.5113516766597	6.18937493	2.03637886470739	2.00631686	5.37366441444145	1.22349308231137	0.827514918243513	1.53431974523803	1.2229021633026
"52"	"Amazilia_yucatanensis"	4.39453437035458	8.37541558	2.83491033556227	5.29137604	2.43782104174802	2.33821686	0.829329484037672	5.36216236814003	2.24625612637	1.97850941359969	1.77284781659273
"53"	"Eupherusa_eximia"	4.71626600169823	5.90541546	5.0840459253753	4.32812844	5.04665697215897	1.91769692	3.58302684792662	9.36868759601584	8.11206217962802	2.36209438301981	1.80741385420456
"54"	"Thalurania_colombica"	9.27265615862514	8.74373154	3.89909920681927	4.54134688	8.83893670406916	6.85339056	12.6994557480189	8.57989738034696	10.816591000314	8.07430982062359	4.02442957104233
"55"	"Amazilia_chionogaster"	5.53937101583959	4.42662592	4.16416936808076	5.49032665	1.84896740728593	3.45404372	3.13313786508872	0.909398927649896	0.419362996582977	2.12435208400642	2.65858516310163
"56"	"Amazilia_rutila"	3.38502588821169	4.25791626	2.77612233259593	5.61984166	1.92388575388795	2.59091982	2.18634007583205	0.595229141992821	0.912635507134196	3.93057571490896	1.99464832957171
"57"	"Lampornis_amethystinus"	5.98687826687101	5.71788312	3.9122417121485	2.25242338	2.99234069043226	2.75823056	1.68943951757319	8.68055565340684	1.03462497071297	0.71539954091504	2.84168376955327
"58"	"Amazilia_chionopectus"	7.33013038884111	4.92706276	5.48610975561289	7.2031339	3.18129865603463	5.31131636	3.75616768200564	0.416948795050833	4.12868615771669	4.81814467969455	2.78654596570545
"59"	"Campylopterus_hemileucurus"	9.42475337984336	3.8472062	5.05723596716528	2.26764151	9.21245963901311	6.9560341	3.33699220971669	9.45448741843408	10.5920036732041	18.8190244986914	3.85979039501932
"60"	"Hylocharis_eliciae"	10.4609649720975	10.63923362	6.66575739819267	9.45825878	4.11632618778663	4.2195201	2.00724138926134	6.17962263318581	3.03328040809061	4.0843461480148	5.27714036038059
"61"	"Heliomaster_longirostris"	8.22674498067152	7.3900617	6.16441829295448	6.67581611	4.60654154481002	4.08789858	8.53378505207994	3.27617273347664	3.37209117030046	2.65340870211066	5.1972500660824
"62"	"Hylocharis_xantusii"	8.59644131956683	9.14626353	4.22010046210347	3.81447402	4.33251316552874	4.5920288	3.9610143898855	13.9708278559722	2.24720083387514	0.393935827047823	1.08958692086302
"63"	"Metallura_tyrianthina"	5.78287190333933	2.64480195	5.89482360792255	3.19229254	4.4938112068292	2.94772108	1.07654006735965	11.7827595783886	2.5970874992143	4.00711771223768	3.00555117694574
"64"	"Lesbia_nuna"	3.75029699833558	5.72197738	4.63679642476027	1.92734437	4.60325530781792	2.68149458	1.67950457062948	4.33128396473488	4.70165148710594	7.53046958761732	4.77336692900196
"65"	"Lafresnaya_lafresnayi"	6.88357570147078	10.46277957	2.79769337328142	2.76783238	5.11124521252962	5.61067712	2.84138805151225	9.5744982972296	8.26753740099799	1.53196412229454	3.3408381906137
"66"	"Eriocnemis_cupreoventris"	5.25134066111909	4.42238016	7.51955202121958	6.02829152	2.97013671777014	4.35280162	3.41050039194596	3.05749975394217	5.09790786068977	2.33650627417005	0.948269308102759
"67"	"Chlorostilbon_mellisugus"	4.64225958636738	3.05955163	5.50334059870461	4.8386843	5.77918690687212	4.90437016	4.27993916108019	10.1337874366144	10.0934045318508	2.2875886292745	2.10121477554066
"68"	"Calliphlox_mitchellii"	5.09590807938577	7.51418285	3.22318566409692	4.9991947	3.15022823170743	4.189235	2.92398608472102	5.4740965971766	1.68993335504507	2.74004046917542	2.92308465241904
"69"	"Aglaiocercus_coelestis"	11.5822824848656	5.89811247	8.99803950146902	6.40744508	7.68750808146732	5.85127416	7.48381189919295	9.78753090058639	2.25029441279016	3.5636679668411	15.352235227926
"70"	"Eriocnemis_luciani"	4.98877969972125	5.61597334	5.37009001983482	4.29874486	3.00503307855546	2.6035305	3.64950639764639	3.10646607496369	3.18561009649648	2.91051234242659	2.17307048124415
"71"	"Chlorostilbon_russatus"	4.14469539122696	5.03815847	4.86433909206549	3.05750871	6.03865536857455	7.16025362	3.14772577212168	11.5520158706529	6.62179213252581	5.70632537774059	3.16541768983172
"72"	"Chlorostilbon_stenura"	2.08142301075185	4.90142248	5.14311233106063	3.33773548	6.56322997578361	4.83026384	8.89568257365957	8.59447950952021	8.21581506167611	3.27408192718079	3.83609080688135
"73"	"Ramphomicron_microrhynchum"	11.9823417521245	9.70381911	2.7987461784465	4.49141083	11.8042463893419	7.91606942	14.5526693231161	11.5084666950639	2.0965977963969	16.0144455499626	14.8490525821699
"74"	"Campylopterus_villaviscencio"	11.8517684988701	11.39712859	6.46699119994078	9.48069343	5.30955802815652	3.42187834	2.49923295948583	15.3709974556583	2.54470868149025	1.46529367241773	4.66755737173054
"75"	"Aglaeactis_cupripennis"	2.56934057482297	6.60389354	2.48908217435704	4.93427222	1.13635669881011	2.3702433	0.904681347718123	0.531522864154041	1.31406105083053	1.08306109209519	1.84845713925268
"76"	"Metallura_williami"	3.07641306573554	7.12850787	1.8869506098846	1.85887714	4.04632323414052	5.16896318	4.61527356692735	3.97489651573334	3.4852235036548	4.45111489492047	3.70510768946665
"77"	"Chalcostigma_herrani"	8.09318086229166	10.98291085	4.95460915547893	4.22443163	4.49831268610339	8.35318514	6.72187527726922	8.6476155588829	0.572008861460994	4.16509335295763	2.38497037994619
"78"	"Patagona_gigas"	2.69683331455637	4.85846139	2.91120712975139	4.20491902	0.708482276415624	1.78271236	0.280579765756894	1.02370592048154	1.07162094058678	0.622369839835417	0.544134915417496
"79"	"Chlorostilbon_melanorhynchus"	5.57145954099585	10.94198998	4.01459434663736	2.17894236	6.84414540240848	9.22754168	7.48920870717225	8.89361537024197	9.8632008721913	3.73044793380737	4.2442541286295
"80"	"Klais_guimeti"	10.3729680589812	4.83617505	8.1240419924003	5.84508896	4.63208625724428	7.73452596	4.45590009904446	8.8639755424879	3.13718500649325	2.68559108604448	4.01777955215132
"81"	"Campylopterus_falcatus"	12.6942019913401	6.95263145	9.95644527968023	5.52701778	6.04549767742443	7.1084223	6.51741781861814	2.81722604924633	11.4199690563879	4.47035979679633	5.00251566607348
"82"	"Chrysolampis_mosquitus"	10.0012999741862	18.06358317	3.99556573310127	4.4003826	8.19285568763652	14.48642764	14.6642078655198	14.0959140227131	2.91620539079751	4.87690710871308	4.41104405043915
"83"	"Phaethornis_yaruqui"	3.27611974390138	2.24375036	2.65682334672077	1.92922372	1.8138723798452	1.07400322	1.73236742982854	1.64440513190456	1.42735660933787	2.57790973429647	1.68732299385858
"84"	"Heliodoxa_leadbeateri"	14.8248686116999	4.15263681	3.57829969646191	4.18437815	7.95205739740786	3.37197346	23.3085940292569	10.4033436199035	3.51993630372306	1.78593143015905	0.742481603996881
"85"	"Boissonneaua_matthewsii"	4.55027135003954	7.31180798	3.84076441735492	5.4645772	1.62739185775975	3.11123406	0.643315055697015	2.23793034793949	0.506682203539078	1.20713025079898	3.54190143082418
"86"	"Topaza_pella"	9.10241363600753	20.2080499	6.70568946432877	10.76020074	10.2557680232614	6.71904042	9.15816379133496	11.7381536067742	10.8272770865324	9.99340176720197	9.56184386446349
"87"	"Topaza_pyra"	11.7292625398809	23.44704526	8.05879506765928	11.76244918	9.45748081471456	10.28875064	6.20677240067837	8.70497285484199	10.2448221876137	10.8530378168063	11.2777988136324
"88"	"Florisuga_fusca"	1.11101001943339	5.27828687	2.20955090114132	8.95657072	2.17725561612107	5.16445244	3.10053604081471	1.80597264264045	1.87558511775844	1.97569227522019	2.12849200417156
"89"	"Eutoxeres_condamini"	4.03614906538326	8.47520193	3.8065066072861	5.93773781	1.89919444192651	3.29001648	2.9392983056574	0.244102021982509	0.255223065918259	4.35400402816219	1.70334478791219
"90"	"Ramphodon_naevius"	3.26018176541637	1.57714303	4.15933506382425	4.53743838	2.44622738572304	5.9646732	2.11095575438279	2.199974859767	2.57811044905639	2.50804055162735	2.83405531378167
"91"	"Glaucis_aeneus"	3.91097136699786	5.60698918	5.37993420689895	12.74169807	1.83323150892873	5.579486	1.27166512789793	0.377607946746953	1.65176965402295	1.08210010921695	4.78301470675884
"92"	"Glaucis_hirsutus"	2.58246040436378	4.40441903	3.41279678991836	5.6098752	1.28899282855393	1.24596624	0.876059275506625	0.917642181342873	0.625240556816286	1.99013771493057	2.03588441417329
"93"	"Threnetes_ruckeri"	3.7257281172142	4.88399538	2.97516896953464	4.01936072	1.25495250818815	2.87578504	0.238903460227244	1.44430887963491	0.141598603481236	1.76876887135251	2.68118272624487
"94"	"Threnetes_leucurus"	3.98859307334709	4.77178645	3.59924390728243	6.11276224	1.92134574289091	1.96971064	3.08673079451211	3.57049283590968	0.790995349579391	1.23873640616717	0.919773328286207
"95"	"Threnetes_niger"	3.09193491153143	6.56187789	4.54326914625085	5.01343769	3.28593946302244	2.74652604	0.479467876399119	3.47624227042873	6.6804574729925	4.25894370467199	1.53458599061985
"96"	"Phaethornis_squalidus"	2.01995535999379	6.53052975	3.06220875008047	4.65714817	0.944132757660392	1.93948562	1.60891763101383	0.681482941704952	0.388105404316271	0.760987598111311	1.2811702131556
"97"	"Phaethornis_rupurumii"	3.12587274215206	6.93702456	2.59218762020751	6.18222296	0.717775642245814	2.98994462	0.671417952055327	0.0753690798172093	0.379070356830659	2.09138340609208	0.371637416433798
"98"	"Phaethornis_longuemareus"	2.53867780652694	3.77431939	2.42567922680741	4.64779656	1.24206774019488	0.6970225	1.8388386543529	1.61750521953592	0.822435945650402	0.693459423732911	1.23809945770228
"99"	"Phaethornis_idaliae"	2.99042246871591	5.48374919	2.97906705043774	7.93820365	2.49103612894012	5.94451182	2.05694148283328	4.69750288101552	2.22194935428581	1.92653899746393	1.55224792910208
"100"	"Phaethornis_nattereri"	2.56264067624142	3.91361456	3.58199168032449	5.23012891	1.10628624138203	2.87085698	0.372680865864812	0.547390103652665	1.04291002613625	2.54052548808834	1.02792472316809
"101"	"Phaethornis_atrimentalis"	3.67400725301946	8.27060416	3.49602944781543	6.93153629	1.90956326467578	5.00608652	1.5315346828073	1.89788363293861	3.6027529327173	1.68248343356514	0.833161641350535
"102"	"Phaethornis_striigularis"	3.65490952561559	1.62631693	2.77855006405122	3.41873959	1.22052056409995	3.14468098	2.88275931998428	0.661950136663408	0.734787014733686	1.50175741371898	0.32134893539939
"103"	"Phaethornis_griseogularis"	1.79579164682274	2.36571922	2.47265744467911	4.71022016	2.4473681245677	8.5959331	2.25991647628477	2.54772294288167	3.69830550050013	1.96311777626698	1.76777792690495
"104"	"Phaethornis_ruber"	2.4982341168117	4.01955411	2.91535049251048	8.67420703	2.41676825185172	3.70272008	1.6620414441042	2.81026468652915	1.19929274856659	2.15423928256925	4.25800309748942
"105"	"Phaethornis_augusti"	4.38785182241318	3.31554288	3.26080639984155	1.93152889	1.05640367313775	2.29243726	0.483587709712182	0.244087662771171	0.335078981498281	0.209305264239117	4.00995874746802
"106"	"Phaethornis_pretrei"	2.79334928948105	5.22387828	2.80187983999593	5.66911004	1.44176700593502	3.6177296	1.04497050716084	1.45419272840242	0.651898957476117	2.17782967918085	1.87994315745489
"107"	"Phaethornis_eurynome"	3.14274289364263	6.13724752	3.25986789256876	5.19606247	1.97746190377787	3.65743056	4.17492189737441	0.90540372964433	1.80060305106651	1.35591222148097	1.65046861932314
"108"	"Phaethornis_anthophilus"	3.36223524234892	7.90448764	3.4441170735283	7.82052121	1.18614895505372	2.62665618	2.14890391250267	0.216023001157381	0.508408207722124	1.36424116590193	1.69316848798448
"109"	"Phaethornis_hispidus"	2.67808089285954	4.54595942	2.57008108061585	10.66950034	1.15375031389548	6.18639884	1.92877409171632	1.08473510850961	0.38410688525622	1.27489250555438	1.09624297844087
"110"	"Phaethornis_philippii"	2.29574388262954	1.8782017	2.18098591062848	3.84774644	0.82342929370507	3.42024858	0.637573495017813	1.34130863527408	0.329377694674338	1.12554434777792	0.683342295781193
"111"	"Phaethornis_bourcieri"	2.85651104832134	5.35314966	2.99096288491047	1.78777252	0.780555429509731	3.53422184	1.43062104098799	0.128898358104097	1.2443393107266	0.306007021741692	0.792911415988285
"112"	"Phaethornis_mexicanus"	3.14331388640063	1.49192852	2.39758439436885	3.20801684	1.84093865749813	2.77390388	1.39600957795245	0.88480622394604	0.949807191353433	3.7642435838657	2.20982671037305
"113"	"Phaethornis_baroni"	2.5420036970863	3.98518475	2.75853840984065	7.83080571	1.40552049270292	2.64658276	2.33628084476733	0.386297137554886	0.681386463541865	1.90166917035436	1.72196884729618
"114"	"Phaethornis_superciliosus"	2.40644203717543	3.76388266	2.06939445461455	4.4244159	1.2222089299894	3.23185098	1.2612144908613	0.601726296515924	1.14785497911887	2.08833024789912	1.01191863555177
"115"	"Phaethornis_malaris"	2.85000980591246	5.86962255	3.138777709915	8.3500422	1.4256617926921	4.65448818	1.60425265427001	0.0877622337793032	0.659081540765962	0.940690640514349	3.8365218941309
"116"	"Phaethornis_longirostris"	3.05308462264119	2.613862	3.10130191576904	6.57809446	0.973383746519188	4.12969744	0.579212794083265	0.537122294668933	1.14943630520057	0.837793777549143	1.76335356109403
"117"	"Doryfera_johannae"	6.40684687315204	11.54133736	4.9121427077286	2.62785012	3.97638702765328	7.12849422	10.4544232472437	4.52927408520286	2.48842940156054	1.23579094658273	1.17401745767653
"118"	"Schistes_albogularis"	3.31739073121151	4.97794526	4.13769470313612	4.74183154	2.10762754245343	2.64291398	1.08242171214577	5.82140028836836	0.525500009491761	1.81350014725991	1.29531555500133
"119"	"Augastes_scutatus"	9.57073516088539	7.55129388	4.72498770698358	3.00752267	6.8004472929936	3.25163666	8.18175137768883	12.086224909661	10.3579213277382	1.01622901213813	2.36010983774184
"120"	"Colibri_serrirostris"	3.74446866595627	3.42011546	3.94340391048378	3.78243644	1.687943289802	2.36714366	1.37620306079921	1.77230499330471	1.93051761068386	1.86185267803593	1.49883810618631
"121"	"Androdon_aequatorialis"	6.72647713209985	4.28715785	4.65663507196026	4.9060582	3.64375896520506	3.79429828	13.9531190443116	0.365747851539062	0.437337877565276	1.25782342608534	2.20476662652399
"122"	"Heliactin_bilophus"	9.36019879046142	20.9855243	5.29383878613075	3.29764973	3.37636075482484	10.05566662	9.95272674026725	3.3189760475216	1.14844343784715	1.27176448738359	1.18989306110461
"123"	"Heliothryx_barroti"	8.92845926659139	6.34431304	6.2070289689135	3.41813441	4.2928315482046	2.85553448	16.4097374540055	1.53982384830102	1.29026446959881	0.445506914836677	1.77882505428098
"124"	"Heliothryx_auritus"	6.66117071628046	6.15879574	6.08459315653641	4.56259411	1.15403447883096	2.9695953	1.39065176487358	0.781539112439891	0.184321053038142	2.14545847085215	1.26820199295102
"125"	"Polytmus_guainumbi"	4.89510137286735	7.01236857	5.81351697032896	7.48277764	2.6889161912545	3.54132492	0.728072813711249	4.37729473604045	6.1215895807613	1.40826029417729	0.809363531582214
"126"	"Polytmus_theresiae"	3.262160510576	5.22563658	3.03669767115249	3.9186699	1.61557063030312	1.33983142	1.23156569162295	3.85761485931582	1.04370568172854	0.904126872379679	1.04084004646859
"127"	"Avocettula_recurvirostris"	3.23997546575424	2.23966661	4.6110812611691	5.39103948	3.75951623751514	3.48701846	0.956597364838964	9.51405590484394	3.19731199703074	3.96490074530695	1.16471517555514
"128"	"Anthracothorax_viridigula"	7.63462250423177	8.97948651	6.34094937998265	10.23730711	3.20876208002528	6.57575044	2.30069366437627	5.75602518540223	4.19933113524101	2.08981817193686	1.69794224317003
"129"	"Anthracothorax_prevostii"	6.65687683051386	11.61521963	5.50152508477427	10.21840222	4.20411539034678	3.85841608	3.19738437716851	5.74188416633104	8.00823419725173	3.03953096500536	1.03354324597725
"130"	"Anthracothorax_nigricollis"	6.68947741273062	14.85760336	4.85549050927047	12.31888847	2.72105232360942	5.75760364	3.09550534785414	1.49555831708017	5.64865660004033	2.0105822072916	1.35495914578085
"131"	"Eulampis_holosericeus"	5.09185931023949	6.39035675	5.80012507976766	6.91352335	4.99197503340269	4.9400967	3.08800799854976	5.84438484578405	6.43217122802404	2.41303966816817	7.18227142648742
"132"	"Eulampis_jugularis"	8.22639847979325	16.3381272	7.55614519685852	13.51472984	1.16347998259646	2.66432406	1.63404567925873	1.417530515296	0.895328215659481	1.05956056818976	0.810934934578319
"133"	"Heliangelus_spencei"	6.58726380575086	14.30417162	3.79578883389674	3.85252271	3.68355297387852	8.27224614	5.92465152501357	6.19579425106813	2.18629433053886	2.27812569630221	1.83289906646982
"134"	"Heliangelus_clarisse"	7.78948493358563	16.74452932	6.69344967100654	9.52257058	2.36069966882489	5.12324886	4.02770780803244	2.40352277801647	1.97690011456915	1.72878273101339	1.66658491249299
"135"	"Heliangelus_strophianus"	8.25839766064054	15.81467622	7.68478209347465	11.19628457	2.23355018429884	5.29137962	1.84444714308798	2.35944861162522	2.43434792841357	2.72916185433926	1.80034538402817
"136"	"Heliangelus_micraster"	9.30298361230023	14.25780185	9.03137954048219	12.2079134	1.88324230744859	3.40601376	1.22002575842499	1.57991451671388	1.94380030867704	1.58692154063777	3.08554941278925
"137"	"Heliangelus_viola"	15.9675656269266	7.44819052	13.7008070623003	6.25334578	3.14690516160258	3.4333827	7.3914498540619	3.59122470594643	1.17261056502291	1.43778171051829	2.14145897246338
"138"	"Sephanoides_sephanoides"	7.07424420918568	9.53203559	3.80458787953156	4.3751759	4.00366375694817	8.29894828	12.9240386186381	2.21285953470383	2.28045288230794	1.21560117849531	1.38536657059571
"139"	"Sephanoides_fernandensis"	2.95786755400446	13.42952483	5.39667532185463	1.84985697	9.6681442545961	10.76084514	19.276376028415	7.08036683709236	5.35257536221272	7.60243681432385	9.0289662309366
"140"	"Discosura_conversii"	5.69397046006225	8.85065677	3.8993840808142	9.56623311	3.58669948611527	3.04937584	2.28158470131564	10.6219998574171	2.84641140781899	1.83043056879753	0.35307089522712
"141"	"Discosura_popelairii"	6.87999682356333	15.23965391	5.06429533847098	13.14489644	3.71577897701818	5.90418598	6.4231880401255	7.54726900438157	0.685105317205897	2.62986380527857	1.29346871809936
"142"	"Discosura_langsdorffi"	8.13963886137895	15.12955494	6.78918232440006	9.83208317	3.07363953616496	6.54309726	1.32685061925545	1.83849344042416	8.76205302735697	1.90187860524542	1.53892198854281
"143"	"Discosura_longicaudus"	5.5644073076054	4.82543703	3.96107333496757	11.3966421	3.78267141158693	5.8648464	3.18821100268273	10.3792366993454	1.66020695325239	1.88897025922452	1.79673214342966
"144"	"Lophornis_ornatus"	6.51521763212226	4.23288362	4.73218404068987	6.02340472	3.71414906656011	4.77353354	5.10887173236804	7.35829750582861	3.20956288042522	2.31594038600469	0.578072828173984
"145"	"Lophornis_magnificus"	7.52728767165453	5.59794991	4.12839593186102	7.37880102	3.5184424581249	2.26083016	5.90066962430468	7.53903016922395	0.61547409810982	2.45004536902532	1.08699302996073
"146"	"Lophornis_delattrei"	3.72700305192557	2.7655526	3.60917007709898	2.66912861	3.42410284290494	2.63631394	3.48236761245769	4.67666424375539	1.25095817551508	3.5011205769335	4.20940360586302
"147"	"Lophornis_stictolophus"	6.07485574458223	7.33188836	4.13965798816536	4.25542806	3.9553402769072	5.3110822	3.61494014093344	6.92629231460683	2.50491402051526	2.39208133274858	4.33847357573188
"148"	"Lophornis_chalybeus"	5.51591582621418	10.5800411	4.29041916666365	8.20930357	3.592245203636	8.53865026	6.52388420886146	7.31336078865321	0.903001784624452	1.98044983352081	1.2405294025201
"149"	"Lophornis_helenae"	8.06400191995629	6.06683002	4.0873454836836	8.487258	3.97350958371181	5.57735838	4.58292749909005	9.6029374299153	0.746717618855714	3.0751327755457	1.85983259515227
"150"	"Lophornis_adorabilis"	4.7791948650201	4.20591222	4.48979924082575	6.43209484	3.24111852360457	1.9818874	5.55119261087331	7.80055965702781	0.120016804144856	1.04267466416747	1.69114888180942
"151"	"Phlogophilus_hemileucurus"	4.350216795729	6.95469084	4.52054500902122	2.63616282	1.43116297599904	6.53946946	1.95028611729479	1.91829444650659	0.998079688810646	0.986116190653314	1.30303843672988
"152"	"Sappho_sparganurus"	8.20838987850035	7.49653375	6.24758117759289	9.6175717	3.6426306426451	5.09256302	1.00416792200167	5.73526173726094	3.39890509855336	6.43410894371265	1.64070951169689
"153"	"Oreotrochilus_chimborazo"	9.24838186172781	6.30252676	1.62332453143358	3.51544716	6.07479138657053	3.9514986	17.9427589999144	8.8198766665753	1.6119906021894	0.954247213990279	1.0450834501833
"154"	"Oreotrochilus_leucopleurus"	5.85137754219751	10.9021229	2.04932611178324	2.51650259	3.34847774955113	6.94148192	1.26034697460413	9.02029686587004	4.3130574133855	0.764995279875591	1.38369221402041
"155"	"Opisthoprora_euryptera"	4.09439646860112	2.97599953	4.37721286965306	2.10917163	1.60078649970508	1.65661022	2.05985012918455	0.298381760646522	2.16472939772932	2.04721039690345	1.43376081406154
"156"	"Chalcostigma_stanleyi"	4.11657361643476	14.79263722	5.03601349565671	4.71955984	2.51714639983282	9.71480408	4.84409526180191	1.34149515519243	0.60882941599007	4.23934028256165	1.55197188361803
"157"	"Chalcostigma_heteropogon"	5.16269315403101	9.58231664	4.96890746541968	7.26636889	3.01511534522688	2.6170872	2.70449697885566	6.1435477762865	1.11621302982686	1.50455613387942	3.60676280728597
"158"	"Oxypogon_lindenii"	1.37997785461116	7.79393901	2.03176232860136	7.63228996	2.32047546093532	9.15441992	2.28402817610505	3.2385578378986	0.761866218176069	3.3593348278653	1.9585902446316
"159"	"Oxypogon_guerinii"	3.93702988023559	7.65685555	4.42161232931157	4.32537067	1.61701145633196	3.00317512	1.98171861671378	2.30101218823879	1.25472766377189	0.742248179810616	1.80535063312471
"160"	"Metallura_iracunda"	7.9082287816036	10.93572801	5.18390938853275	3.96163338	4.20492386625375	10.16271476	2.73007367175503	10.7724925414563	0.325682602526795	4.85772738701532	2.33864312851536
"161"	"Metallura_odomae"	5.35878613686	3.8389751	5.8908258659413	5.2975449	3.01511400255939	2.90182938	4.12541522721177	4.63002654501327	1.77010519207785	0.927817457254034	3.62220559124002
"162"	"Metallura_phoebe"	5.0940377593564	5.73741006	5.66413542851144	6.07058126	1.19464311123843	4.29684992	1.02403246432264	0.528565501873527	1.49056332321441	1.47269075208807	1.45736351469351
"163"	"Haplophaedia_lugens"	5.42399965974587	6.12047391	5.89357949853201	4.74689768	0.945949477874	2.90582098	1.31791590645061	0.566192113182548	0.251070011736948	1.74449401073285	0.850075347267044
"164"	"Eriocnemis_nigrivestis"	9.03969772581657	7.23896162	9.17789743681982	1.20679872	8.00643695273107	12.98739352	5.24465722947019	10.3933832323408	7.65539831838073	8.33779339651115	8.40095258695254
"165"	"Eriocnemis_derbyi"	5.71519710871836	17.0510337	2.64041125521713	13.111659	4.0298758443118	3.30361702	2.84691948165014	4.91336310520094	3.34080600795016	3.24735258641371	5.80093804034407
"166"	"Eriocnemis_mosquera"	1.95671361592582	2.56492403	2.79604918285592	3.37755352	1.5944676009662	1.8593131	1.0877540433462	3.58843026837897	0.667875126849402	1.81165400692275	0.8166245593337
"167"	"Eriocnemis_alinae"	3.80393115347975	9.71183402	2.58027050415227	8.08319058	1.97786257438765	2.9557045	1.04796228259317	1.84758745162152	2.10611121052388	1.09292520439296	3.79472672280671
"168"	"Aglaeactis_aliciae"	2.38971591167542	9.03890667	1.8158046418488	4.5829957	1.5214413629997	5.1812423	1.67820774142612	1.42276130699412	0.597990029276714	2.89327422139892	1.01497351590264
"169"	"Coeligena_conradii"	5.52637145594668	7.63014742	3.22567752475011	4.69186336	4.66887646849737	7.14537776	10.7697478790593	3.96321812654507	1.07452373475823	4.08997687086953	3.44691573125476
"170"	"Ensifera_ensifera"	4.77507956950727	5.74331122	4.18443665350783	3.61652182	2.76243817695992	5.60308666	1.0011396666524	2.69191383147693	4.76895262861738	3.50701952567345	1.84316523237944
"171"	"Pterophanes_cyanopterus"	4.19926215391209	2.88257921	5.73535868480609	4.40430718	4.56870812172879	8.20371778	5.30736900001062	6.16461053032589	6.58542534968342	2.6994023500911	2.08673337853291
"172"	"Boissonneaua_flavescens"	2.6433859620808	2.95556422	2.31855687005803	1.63126488	2.17935505156987	3.30406718	1.74582700733151	2.63976912466804	1.73974081342056	2.21248776241281	2.55895055001644
"173"	"Boissonneaua_jardini"	11.6793793942742	9.66841108	10.0508104981066	9.04462749	3.56718201400723	4.2883934	4.23290900608532	4.92823294345344	0.957776478518723	2.81503445811312	4.90195718386556
"174"	"Urochroa_bougueri"	8.60662461860439	5.31424006	9.6207946197761	5.53417542	1.0523984995388	1.28575312	0.340934862554798	2.58984551042756	1.05657215811014	0.48596062542024	0.788679341181254
"175"	"Urosticte_benjamini"	5.58466202172573	1.34160491	4.07937957236414	0.98963073	5.5739644159914	6.31834028	5.31144850470022	11.0391762809681	2.61055804207795	3.17715027807214	5.73148897413862
"176"	"Urosticte_ruficrissa"	5.51983630338008	1.29433338	4.71438411642946	3.84976561	1.96535862262003	6.4398541	1.02290015284963	4.60849388085145	2.54012379234876	0.357880178719061	1.29739510833125
"177"	"Heliodoxa_xanthogonys"	8.18649416501094	1.07915506	4.19429637851504	3.95227469	8.13382632046138	2.13264434	5.06943603654123	15.1534979548998	5.91620805262719	8.52629519449346	6.00369436374517
"178"	"Heliodoxa_gularis"	6.41509353608507	10.69913998	7.19645385712895	8.7072041	2.45626234813735	3.20802808	3.49557071545995	2.18529686849461	2.8847389747291	2.27925472083412	1.43645046116897
"179"	"Heliodoxa_schreibersii"	11.8498833482594	6.86045574	9.34527475870454	5.15648406	2.52625389969271	3.83905812	1.90907955807659	2.30382274626355	6.03843566240746	1.23679334050915	1.14313819120679
"180"	"Heliodoxa_aurescens"	10.3976506745129	3.5725882	9.39669285801772	3.8111888	2.44625366284912	2.27110596	5.14813149798456	1.50235197820799	1.5573940559828	2.70148316913833	1.3219076129319
"181"	"Heliodoxa_jacula"	13.9414971814615	4.19667064	3.58867534856075	1.73379648	8.00516497537209	3.09780052	17.7137701336456	15.7931209333134	1.7050448173533	1.95903859153622	2.85485040101199
"182"	"Heliodoxa_imperatrix"	8.00214477883481	11.87142151	4.24692706527331	5.1172396	3.24011126934357	8.58759544	1.29612954857093	8.4085766608172	2.32112428527019	2.45123511406742	1.72349073799212
"183"	"Clytolaema_rubricauda"	10.4480574619339	13.02659799	5.39715446002801	4.08635647	6.06569335254053	6.26497256	8.45314555996443	8.62464619477142	5.939438962285	2.83477517347877	4.47646087220305
"184"	"Chlorostilbon_auriceps"	4.80771882113776	6.14576007	4.50760655394551	2.34601001	6.59517860863843	7.93924744	4.10789329240706	9.59134228430232	10.0369513662845	4.48961614189664	4.75008995830158
"185"	"Chlorostilbon_canivetii"	6.42063025720599	5.19922127	4.77737725067207	2.90237069	4.38157023939786	4.42237722	3.72037731729657	10.0527019707982	6.32022710190665	1.49805401354066	0.316490793447214
"186"	"Chlorostilbon_assimilis"	4.12005421322737	7.48743106	3.99186197609375	4.90550214	4.42278898745572	3.42782428	3.2585106672723	8.46352791591279	7.37041997765943	0.890292585782195	2.13119379065187
"187"	"Chlorostilbon_gibsoni"	4.28707323224521	4.56649482	4.37202738861651	4.03915492	4.32150468931469	3.80188632	1.49447165707475	7.45711530064906	8.71616289076765	2.87925267675908	1.0605209213229
"188"	"Chlorostilbon_olivaresi"	8.11094945615644	5.00442206	4.82742081070308	2.45987993	5.12100775528791	5.7015475	2.34548995812158	12.186040715642	7.43498149257116	1.39269330181407	2.2458333082907
"189"	"Chlorostilbon_ricordii"	4.41894851973947	13.21383688	3.95942572677211	8.63387079	5.89495378214748	6.3239935	3.67485179284909	12.5267331992595	6.28010666681647	3.09327166630764	3.89980558550475
"190"	"Chlorostilbon_lucidus"	6.47917404011691	2.50806822	4.83879714669235	4.80043358	4.67213949982348	3.31864488	0.726550998476679	10.9256142825127	8.4198834783158	0.894166120330653	2.3944826194816
"191"	"Chlorostilbon_poortmani"	3.50623868134634	8.26706742	6.26848714624291	7.29176852	5.7459145453278	8.64392658	3.51693075246205	11.0062141654814	11.216792512997	1.87755841334324	1.1120768823553
"192"	"Chlorostilbon_notatus"	6.40710231745197	6.62042313	4.40526035017701	2.66483057	4.52268562504483	4.05748616	0.933649858219009	9.31879124521529	9.13719282262423	0.933304659681185	2.29048953948443
"193"	"Cynanthus_sordidus"	2.57078037727912	3.80578732	2.30401101357109	2.92083227	1.74993492857478	2.17817064	2.32125463646586	1.19951423943793	2.96567962517144	1.91198654742888	0.351239594369803
"194"	"Cynanthus_doubledayi"	9.51178847360117	6.1215932	3.39697858302745	0.9101299	7.43394836374765	5.9492648	13.2417368100056	10.9900812825242	7.95391887869574	2.46217893158946	2.52182591592326
"195"	"Cyanophaia_bicolor"	6.44542973630948	6.73012929	4.66192494054152	5.3027625	7.09714093733677	11.56079616	11.4969697358078	6.62451982917089	5.81367141598246	3.35486839935232	8.19567530637034
"196"	"Abeillia_abeillei"	4.25370974429214	6.25313791	4.32006604290148	2.65280596	4.2999027725538	3.29561472	2.86060551117661	10.1782614353894	3.75081141827179	1.06036201582172	3.6494734821095
"197"	"Stephanoxis_lalandi"	13.2480912532324	16.96493854	5.10022394783459	4.29329499	8.38879753300849	13.26060362	9.70795324452761	13.9633841543339	14.1394560920581	0.931354028341721	3.20184014578112
"198"	"Stephanoxis_loddigesii"	11.5016497294423	14.38988719	6.1765335551312	4.04168787	8.29251413662226	12.56897916	22.0378148138497	1.42271459953018	9.69321559592999	4.66418864352414	3.64463703027733
"199"	"Aphantochroa_cirrochloris"	3.11194368523326	5.26824836	2.35705443102186	2.5784527	2.06780852606716	2.15168342	0.460706387445952	2.76548435501026	2.15573699971074	2.75522481154317	2.20189007662568
"200"	"Phaeochroa_cuvierii"	3.1574964151512	3.89918624	3.00945121118909	3.83158964	1.89020570535971	2.1382774	1.58110670250315	3.21072566790295	1.77117708314309	1.45970692038423	1.42831215286514
"201"	"Campylopterus_curvipennis"	8.87296820281154	6.73457726	6.35347372152868	6.17722326	2.37765008324451	1.59178454	8.53214728124921	0.124184986196244	0.225152895014098	1.48259420561397	1.52417104814902
"202"	"Campylopterus_largipennis"	3.83549517365129	5.64701392	3.69012542375357	4.94903916	1.95935496306646	1.94700164	2.41096973251134	0.948953114181033	0.240108224822531	1.6451359707102	4.55160777310719
"203"	"Campylopterus_rufus"	4.72112558580472	3.11934387	3.62009945067208	4.13634786	1.58189909522999	3.1490126	0.948442059141688	1.1004747753509	2.49328250773684	1.40400611486914	1.96329001905138
"204"	"Campylopterus_ensipennis"	9.28674647821627	18.24504716	8.14571891116882	10.60605237	6.75175180874419	13.39334766	6.08957838882255	2.10883393930312	9.3668529166314	7.65834539618162	8.53514840278228
"205"	"Eupetomena_macroura"	8.8187407000846	6.29401445	6.85834897390462	5.44130912	2.41714581132903	4.07382208	1.10625243432041	1.94166520259163	1.69369051795027	3.55509708247696	3.78902381930587
"206"	"Eupherusa_cyanophrys"	12.3341382414366	7.127321	5.29806361739636	4.45251455	8.80757721212595	2.80770662	19.3883705202976	9.91241911666259	6.86389236609089	6.23481820495294	1.63838585262568
"207"	"Eupherusa_poliocerca"	5.40920785160703	2.28600924	5.4930170018953	5.11046936	4.65197742820567	3.2014346	4.09256006491609	9.27876701156018	7.53942780833218	1.86801278121294	0.481119475006975
"208"	"Eupherusa_nigriventris"	6.45829274010373	15.82811792	5.39408545346987	6.81720017	2.37653507164431	11.5111548	1.66539577975064	2.46235746288043	1.55840303775973	4.12190672718551	2.07461235064524
"209"	"Elvira_chionura"	1.55442208606006	5.64595211	5.65453448268708	7.62667563	4.55112920772264	5.40029608	2.02957451176613	9.44530005538609	6.62953591110344	2.1114109623096	2.53982459804793
"210"	"Elvira_cupreiceps"	4.33314141762663	5.73161398	7.44319681670433	10.49415126	5.92404962400497	4.53700982	2.42549059603991	11.3899928692111	11.4534781538712	1.65724995004171	2.69403655086103
"211"	"Microchera_albocoronata"	5.38810562351889	12.23990067	4.7342752294703	4.20449349	6.37045653044542	10.79046506	6.01122067626932	3.43100660901761	5.20289475800128	10.5200996126702	6.68706099626864
"212"	"Chalybura_buffonii"	4.37744125744918	4.01073932	4.76131913650306	3.49954411	3.66358772451791	4.86102228	2.25547568989629	5.91695156980652	4.9922275470842	1.66860541500983	3.48467840079273
"213"	"Chalybura_urochrysia"	7.00371587422359	5.95573183	5.3070913169471	6.23438242	5.42152477442486	4.41335196	4.01546410272462	8.54508506348444	4.84308819234929	4.95868942897401	4.74529708459196
"214"	"Thalurania_ridgwayi"	10.6761408993727	5.99749178	4.58327836695939	2.90136292	6.82211685554158	5.90326866	19.9522029993939	8.22745651495939	1.98180698827451	2.22557207297956	1.72354570210055
"215"	"Thalurania_furcata"	10.4088150055355	12.61045222	4.10098004047358	5.60975432	7.04537610289922	7.95830708	4.9232343952184	10.0021067375617	14.5227186725936	3.26451532163814	2.51430538748424
"216"	"Thalurania_glaucopis"	9.38312297359974	13.30145545	3.97935584868417	3.02775866	8.25501577688193	6.97045362	16.490883500251	9.0147542449247	8.58699167324275	2.82837283253494	4.35407663345631
"217"	"Taphrospilus_hypostictus"	2.28269273332274	4.69976919	3.68889888138239	4.82948982	2.42699843122104	4.717153	2.3747635943129	0.381255055313273	5.752113195491	1.15394589174189	2.47291441924614
"218"	"Leucochloris_albicollis"	3.8232941186315	6.09298066	4.05857982601898	4.34190494	1.14532349892249	3.18340012	1.44142681870907	0.444890552551357	1.93436944741809	0.805338561176413	1.10059211475753
"219"	"Leucippus_fallax"	1.8644395570519	3.90350101	2.51905476682297	3.74554216	1.47112140115458	1.75879432	1.21409964887474	1.07867022236908	0.618146903014217	2.29990910675393	2.14478112476093
"220"	"Leucippus_chlorocercus"	3.63351622875879	3.12771287	4.46564723660415	4.16363175	1.02192458652708	1.40543718	0.769860460317655	1.27565026361351	0.654876073567963	1.28262535020076	1.12661078493549
"221"	"Amazilia_castaneiventris"	3.84500898139206	4.23338338	5.17505409117572	2.89462919	2.53523900645649	1.47657202	1.54627083721457	7.33336546828383	0.682608683254495	0.670268573887046	2.44368146964253
"222"	"Amazilia_amazilia"	4.2328814413077	5.04957939	4.45937871779051	5.06938511	1.15478749955197	2.6204084	0.4693314144842	1.88072795891259	1.42928982095453	1.09651649440081	0.89807180900772
"223"	"Amazilia_leucogaster"	5.2976806957067	4.0173782	6.36370283808488	8.00448299	3.0371844865706	5.1223797	5.74714208490632	0.285274954782621	5.49031847438278	2.8090601671988	0.854126751582473
"224"	"Amazilia_versicolor"	5.28185970961729	4.22719407	4.17104224113042	1.20341981	2.59215812577171	2.2784682	4.87697437229149	4.65273532977826	0.682872921551303	1.80574547371191	0.942462531525597
"225"	"Amazilia_candida"	4.7669087713838	4.15278836	4.46583860492669	3.96413318	2.61945411049936	0.70972344	2.19775105894545	0.078979320062043	5.77275464110551	3.92815055300504	1.11963497937878
"226"	"Amazilia_boucardi"	5.65558750627377	4.07322279	5.178782496308	7.49191493	2.23806017375661	3.62701272	2.61864776679142	5.45779746545752	0.161506529290134	1.78498106145402	1.16736804578996
"227"	"Amazilia_amabilis"	6.7674710397366	3.15184923	7.49414201856005	3.63804356	2.17477881500518	3.6720417	6.06579691380438	1.66025637531553	1.31488854696665	1.29369815840005	0.539254080539318
"228"	"Amazilia_decora"	6.87058794798896	3.32024975	5.99937083692581	6.40408007	3.7124746867609	3.37350804	4.84193476101744	5.53713169521511	2.76256928053857	2.75257169309718	2.66816600393621
"229"	"Amazilia_cyanura"	3.93207007759765	4.5432866	3.38120491466094	3.86660475	2.77812839840287	2.98347416	3.0587807208579	2.64472759208902	4.38317029116429	1.59085229197069	2.21311109593244
"230"	"Amazilia_viridifrons"	3.24547459918672	6.3659872	3.46311391466493	7.25558372	0.954193183513229	2.20973766	1.51507386199815	0.112587289704398	0.195025745981299	1.55154366253221	1.39673535735009
"231"	"Amazilia_wagneri"	3.96277477694731	6.41801904	4.18757191715578	5.8368877	3.33943115456098	1.99008356	3.35374224387445	1.01962160158875	6.46165258342389	3.30169850476322	2.56044083915458
"232"	"Amazilia_fimbriata"	4.83756320049775	6.26591227	3.97633251852389	3.90412431	1.60685410729254	4.54807706	2.41145862887732	0.65472284006756	1.12334622552905	1.68173699111347	2.1630058508753
"233"	"Amazilia_lactea"	7.66139925999121	2.79337564	6.86355180452481	5.37481394	1.99611361508936	1.91811564	1.49200540531622	1.61023431169116	1.04763627904999	2.93790866879138	2.89278341059803
"234"	"Amazilia_bartletti"	6.56551424999344	4.08936994	5.55078293656906	6.8518291	2.4641520337283	3.3476754	2.6997708620105	1.59289379354287	4.89223589307819	1.85638611865717	1.27947350135275
"235"	"Amazilia_rosenbergi"	10.2202875814633	3.7632615	4.13870679186286	3.05767326	5.3390413057707	1.34359788	0.509265003876214	3.91277211190067	17.0696926672984	3.39189690822667	1.81157983755156
"236"	"Amazilia_edward"	5.81319170789573	4.74773168	7.11717833195988	3.7306021	3.29861873644601	3.43606246	3.40768173192955	4.18473823735674	2.41794268381453	5.5208731511407	0.961857877988534
"237"	"Amazilia_viridigaster"	5.44949757428263	4.7652839	4.08584709885086	2.35850876	2.1144939889024	4.29090468	1.26191819642914	3.3613467384606	1.36955169696581	1.9610223849917	2.61863092766477
"238"	"Amazilia_tobaci"	6.17893742843053	4.63636638	6.36649554971726	7.47325037	2.19566312007697	4.10216438	2.62807616223695	2.00227406071406	2.76990532347172	0.496900374350781	3.08115967961133
"239"	"Hylocharis_sapphirina"	8.61009065659978	6.48100968	4.62412211296966	5.20930756	4.7356724069965	5.30385498	2.77158298304704	11.7663479717868	3.90357728756506	2.14529908645198	3.09155470613165
"240"	"Hylocharis_humboldtii"	11.8005637815675	12.64403279	5.85249877749276	6.26113995	7.05491120766005	7.46391372	9.77410492849831	14.5633369107697	7.99697151451056	1.14094832958313	1.79919435493852
"241"	"Hylocharis_grayi"	14.4705377795757	9.498409	3.84169839165223	5.31081088	8.7321523599983	5.49556292	17.8693660206801	13.9591415233519	5.28858374935713	2.77371747153144	3.76995303507084
"242"	"Chrysuronia_oenone"	17.9658650193233	8.48039155	6.04940319847877	6.87702634	9.89679855047704	4.72473074	18.452268558184	16.831255903321	4.60468073484794	2.72916840907246	6.86661914695976
"243"	"Goldmania_violiceps"	10.8349891563114	5.97736364	5.54739436659985	6.87769114	8.66033368613799	2.96092306	22.2088392795267	9.97810818706904	7.42904732875731	2.24116720332702	1.44450643200991
"244"	"Lepidopyga_coeruleogularis"	9.45002628819261	5.71166824	5.15205234125769	3.11903464	5.01167931658232	3.88610354	3.73124238188815	12.822532047843	5.1611987902011	2.32634481549034	1.01707854748902
"245"	"Lepidopyga_goudoti"	5.35092910820785	11.60684193	4.98222053901278	6.54565646	3.05474196949152	5.51808964	3.20491051952554	1.31920874486177	6.35053266136484	0.606264181981087	3.79279373972435
"246"	"Damophila_julie"	14.163143069284	11.34630112	5.00488865891593	3.92846894	6.86563797556718	4.90004916	3.10118268227996	8.16083321064598	16.6763088850567	2.060675959742	4.3291891401113
"247"	"Hylocharis_cyanus"	12.1559117209473	9.27514104	6.34606230655659	5.06615389	6.85216060838874	6.55363458	18.9063144067516	5.93688635781259	4.31967930029979	4.17844807547978	0.91947490159997
"248"	"Hylocharis_chrysura"	2.33288321699352	4.98029886	3.33310341014725	5.06321622	3.69443357343247	2.64277776	2.86945964562319	5.34550869422522	5.71775938178334	1.63133143039999	2.90810871513062
"249"	"Hylocharis_leucotis"	8.3120080852501	5.65489194	4.56703054877512	5.77764599	3.72150478286601	2.79456084	4.95603631514665	8.84714877922451	2.21775795656212	1.55402153216525	1.03255933123153
"250"	"Sternoclyta_cyanopectus"	9.60461892394494	4.51785605	2.48728859588852	2.72712493	6.23695491724938	3.88425954	1.7773295726551	7.02684730245647	17.4781871309116	3.04043034886837	1.86198023135533
"251"	"Panterpe_insignis"	15.4972029741592	15.06504321	14.6891690572956	12.41208494	3.74649341772566	4.82679916	4.47621299357512	0.631375734922577	1.56006684848606	1.4201693922895	10.644642119355
"252"	"Heliomaster_squamosus"	7.55913872708596	8.90245683	3.98775552255536	4.38788042	3.8614825206216	7.02676336	6.46600072582967	9.31966135983947	0.798875835857216	0.599525806213035	2.12334887536861
"253"	"Heliomaster_furcifer"	11.5222326882129	11.92687002	4.79423180103086	3.42735877	5.65500165045601	7.10285834	2.14270052361904	8.0746886335193	13.4939446295349	2.93588166922254	1.62779279638429
"254"	"Lampornis_viridipallens"	4.47355670353483	8.65493901	4.95258940220307	1.90034752	4.74350892562888	5.54654888	7.12700999423713	6.20282750490237	1.52835905809136	5.67427532781011	3.18507274310342
"255"	"Lampornis_hemileucus"	10.4173253975429	5.98876563	5.79402925923863	2.72411034	3.74960439427917	3.07990216	2.44506368370832	10.3530549170461	0.788769145313275	2.61585284934718	2.54528137598097
"256"	"Lampornis_calolaemus"	9.40335571103436	5.2654264	3.96755275562721	2.64535729	6.36796248192531	4.40182608	11.0147844633549	14.690936725826	2.57471316805132	1.09213038773301	2.46724766466129
"257"	"Lampornis_cinereicauda"	6.63365749122252	3.55990368	3.23059507868755	2.19498471	4.38789817809747	4.9178838	7.77207434795463	5.29025689848472	1.90528923209485	2.38478645700975	4.5870839549434
"258"	"Lampornis_castaneoventris"	5.33170881429318	5.87894233	3.02761908538001	2.30478842	4.13900382042333	4.52555982	7.15293357772201	6.74196219744922	3.82564840117627	1.36271607518419	1.61175885058494
"259"	"Myrtis_fanny"	7.82047945910308	7.33190328	5.80158359947346	8.01918116	4.07852781505607	2.59461664	2.23419318351855	11.7391445992339	0.86405878005852	3.98988211648895	1.56536039598042
"260"	"Rhodopis_vesper"	5.92749920202705	8.39312724	4.41799946762888	2.12233228	1.89436455352824	5.2003061	0.562392891254305	6.42625037728415	0.226941381965419	1.97468718685471	0.281550930282594
"261"	"Chaetocercus_mulsant"	5.62662442388471	9.4680639	4.6527742642531	1.89702952	6.07756072080008	8.23262844	4.31674031479844	7.72772670754912	4.07438124142792	6.71247148783446	7.55648385239046
"262"	"Chaetocercus_bombus"	5.48918775701978	12.34878626	2.84802756644515	5.88994899	3.71005496494582	9.0731793	0.153926256296439	11.0816957665767	2.00174398239168	2.38758428997785	2.92532452948639
"263"	"Chaetocercus_heliodor"	7.58222118231917	9.79181319	3.28578991729331	0.84740183	4.77933975996033	8.2937361	2.39555970993699	11.4248582812729	3.94379465290273	2.75066782802563	3.38181832766336
"264"	"Chaetocercus_jourdanii"	6.38812602187759	6.34668811	4.52391199346818	4.94345781	4.91128104716531	5.5684154	3.62745459760572	6.79079901175695	3.91285618621665	4.72133241190611	5.50396302834111
"265"	"Myrmia_micrura"	4.00171856645722	5.74993	2.36299733894907	4.63829483	1.61458793141176	1.5841764	0.833524596988877	4.35465651056017	0.616359111258693	1.03606482731676	1.23233461093431
"266"	"Microstilbon_burmeisteri"	6.7442382059903	10.91168458	4.4258918646879	9.00388332	4.55400854411463	10.89527022	1.85894725098592	9.38390998099903	6.30323490171744	1.4610487966352	3.76290179023557
"267"	"Calliphlox_amethystina"	6.49859810381924	7.034998	2.89750623527785	3.57815096	3.24341695173004	3.44213574	3.56950549738977	8.24574800870617	1.24802803233028	2.2918589828227	0.861944237401276
"268"	"Calliphlox_bryantae"	4.02848015567539	5.55737863	3.90391563297984	3.46938119	3.88711562768371	5.4235794	3.44675210996209	6.20478269277543	0.815278307536987	4.5317263014059	4.43703872673816
"269"	"Doricha_enicura"	8.34232892392144	7.39384383	4.28267822777069	4.79677018	4.54712188770967	3.8129986	1.93836211466042	10.6382939808276	6.59541247773827	1.9218514554311	1.64168940989096
"270"	"Doricha_eliza"	7.93518184786874	9.35477669	3.90955058564468	3.36639654	3.0863898793155	3.6780152	0.503341635688834	9.06692949626516	0.717541430939123	1.9037594823928	3.24037735129159
"271"	"Tilmatura_dupontii"	7.39537076265192	4.81868736	2.59265757887818	5.02474702	5.21840253851007	5.08238272	1.94580540031053	8.66084103041389	2.94530167061693	8.18270282862046	4.35736176258853
"272"	"Calothorax_pulcher"	5.94685216747584	8.99210542	4.42535960027725	3.4845419	4.49145436638635	5.2735211	4.27656789018827	9.03840834526632	2.85109931579188	3.7844165042516	2.50677977643368
"273"	"Selasphorus_flammula"	5.23750514917411	9.04673954	4.48292059973623	4.0596961	2.49810043047839	6.092595	1.266322505704	6.14442499026349	0.513138219385401	3.16959162884889	1.39702480819016
"274"	"Selasphorus_scintilla"	7.67864968101588	12.45047343	4.69867824734437	5.8610235	4.04493932241096	5.09387298	0.191520480721264	15.8015251810779	1.70044128579321	1.56380773652317	0.967401927939236
"275"	"Anthocephala_berlepschi"	5.10989075064517	4.0752737	3.93843078654517	3.0474175	1.82593541863779	2.62722044	3.6661697652102	0.910728670062401	0.77641713959372	0.656860690586947	3.11950082773571
"276"	"Thalurania_fannyi"	14.4787714922463	5.71126508	5.14443049566479	3.59728525	15.0258010887539	9.01484848	16.5979103366364	9.66012367021718	16.3386543741446	23.1204897898756	9.41182727289592
"277"	"Colibri_cyanotus"	7.47131515770381	4.61714638	3.7656223998575	2.98049867	4.22588261186032	2.55344048	1.35838393720291	5.95766951044986	11.1733118451712	1.45653141990654	1.18351634657109
