SppName	MaxAlt	LogAltMax	MinAlt	LogAltMin	RangeAlt	LogAltRange	MidAlt	LogAltMid
Glaucis_aeneus	800	2.903632516	0	0	800	2.903632516	400	2.603144373
Glaucis_hirsutus	3500	3.544192111	0	0	3500	3.544192111	1750	3.243286146
Glaucis_dohrnii	500	2.699837726	0	0	500	2.699837726	250	2.399673721
Threnetes_niger	250	2.399673721	20	1.322219295	230	2.36361198	135	2.133538908
Threnetes_ruckeri	1200	3.079543007	0	0	1200	3.079543007	600	2.778874472
Threnetes_leucurus	1600	3.204391332	0	0	1600	3.204391332	800	2.903632516
Anopetia_gounellei	700	2.845718018	500	2.699837726	200	2.303196057	600	2.778874472
Phaethornis_yaruqui	2500	3.398113692	0	0	2500	3.398113692	1250	3.09725731
Phaethornis_guy	3000	3.477265995	500	2.699837726	2500	3.398113692	1750	3.243286146
Phaethornis_syrmatophorus	3025	3.480868924	1200	3.079543007	1825	3.261500773	2112.5	3.325002252
Phaethornis_longirostris	2500	3.398113692	0	0	2500	3.398113692	1250	3.09725731
Phaethornis_superciliosus	1800	3.255513713	0	0	1800	3.255513713	900	2.954724791
Phaethornis_malaris	2400	3.38039216	0	0	2400	3.38039216	1200	3.079543007
Phaethornis_eurynome	2250	3.352375495	100	2.004321374	2150	3.33264041	1175	3.070407322
Phaethornis_hispidus	1400	3.146438135	30	1.491361694	1370	3.137037455	715	2.854913022
Phaethornis_anthophilus	1500	3.176380692	0	0	1500	3.176380692	750	2.875639937
Phaethornis_bourcieri	1600	3.204391332	20	1.322219295	1580	3.19893187	810	2.909020854
Phaethornis_koepckeae	1300	3.114277297	450	2.654176542	850	2.92992956	875	2.942504106
Phaethornis_philippii	500	2.699837726	30	1.491361694	470	2.673020907	265	2.424881637
Phaethornis_squalidus	2250	3.352375495	0	0	2250	3.352375495	1125	3.051538391
Phaethornis_augusti	3500	3.544192111	200	2.303196057	3300	3.518645524	1850	3.267406419
Phaethornis_pretrei	2500	3.398113692	400	2.603144373	2100	3.322426052	1450	3.161667412
Phaethornis_subochraceus	800	2.903632516	150	2.178976947	650	2.813580989	475	2.677606953
Phaethornis_nattereri	500	2.699837726	0	0	500	2.699837726	250	2.399673721
Phaethornis_ruber	1500	3.176380692	0	0	1500	3.176380692	750	2.875639937
Phaethornis_stuarti	1400	3.146438135	350	2.545307116	1050	3.021602716	875	2.942504106
Phaethornis_griseogularis	2200	3.342620043	300	2.478566496	1900	3.278982117	1250	3.09725731
Phaethornis_rupurumii	500	2.699837726	30	1.491361694	470	2.673020907	265	2.424881637
Phaethornis_longuemareus	700	2.845718018	0	0	700	2.845718018	350	2.545307116
Phaethornis_atrimentalis	1100	3.041787319	50	1.707570176	1050	3.021602716	575	2.760422483
Phaethornis_striigularis	1800	3.255513713	0	0	1800	3.255513713	900	2.954724791
Phaethornis_idaliae	500	2.699837726	90	1.959041392	410	2.613841822	295	2.471291711
Eutoxeres_aquila	2100	3.322426052	300	2.478566496	1800	3.255513713	1200	3.079543007
Eutoxeres_condamini	3300	3.518645524	180	2.257678575	3120	3.494293769	1740	3.240798771
Androdon_aequatorialis	1550	3.190611798	0	0	1550	3.190611798	775	2.889861721
Ramphodon_naevius	500	2.699837726	0	0	500	2.699837726	250	2.399673721
Doryfera_johannae	1800	3.255513713	280	2.44870632	1520	3.182129214	1040	3.01745073
Doryfera_ludovicae	2850	3.454997217	700	2.845718018	2150	3.33264041	1775	3.249442961
Phaeochroa_cuvierii	1200	3.079543007	0	0	1200	3.079543007	600	2.778874472
Campylopterus_curvipennis	1400	3.146438135	0	0	1400	3.146438135	700	2.845718018
Campylopterus_excellens	1200	3.079543007	0	0	1200	3.079543007	600	2.778874472
Campylopterus_largipennis	1400	3.146438135	0	0	1400	3.146438135	700	2.845718018
Campylopterus_rufus	2000	3.301247089	50	1.707570176	1950	3.290257269	1025	3.011147361
Campylopterus_hyperythrus	2600	3.415140352	1200	3.079543007	1400	3.146438135	1900	3.278982117
Campylopterus_duidae	2400	3.38039216	1200	3.079543007	1200	3.079543007	1800	3.255513713
Campylopterus_hemileucurus	2500	3.398113692	100	2.004321374	2400	3.38039216	1300	3.114277297
Campylopterus_ensipennis	2000	3.301247089	400	2.603144373	1600	3.204391332	1200	3.079543007
Campylopterus_falcatus	3000	3.477265995	500	2.699837726	2500	3.398113692	1750	3.243286146
Campylopterus_villaviscensio	1700	3.230704314	900	2.954724791	800	2.903632516	1300	3.114277297
Eupetomena_macroura	1500	3.176380692	0	0	1500	3.176380692	750	2.875639937
Florisuga_mellivora	1600	3.204391332	0	0	1600	3.204391332	800	2.903632516
Florisuga_fusca	1400	3.146438135	0	0	1400	3.146438135	700	2.845718018
Colibri_delphinae	2800	3.447313109	0	0	2800	3.447313109	1400	3.146438135
Colibri_thalassinus	3000	3.477265995	600	2.778874472	2400	3.38039216	1800	3.255513713
Colibri_coruscans	4500	3.653309013	400	2.603144373	4100	3.612889769	2450	3.389343311
Colibri_serrirostris	3600	3.556423121	0	0	3600	3.556423121	1800	3.255513713
Anthracothorax_viridigula	500	2.699837726	0	0	500	2.699837726	250	2.399673721
Anthracothorax_veraguensis	400	2.603144373	276	2.442479769	124	2.096910013	338	2.530199698
Anthracothorax_prevostii	1200	3.079543007	0	0	1200	3.079543007	600	2.778874472
Anthracothorax_nigricollis	1750	3.243286146	0	0	1750	3.243286146	875	2.942504106
Avocettula_recurvirostris	1200	3.079543007	0	0	1200	3.079543007	600	2.778874472
Topaza_pyra	750	2.875639937	30	1.491361694	720	2.857935265	390	2.592176757
Topaza_pella	500	2.699837726	0	0	500	2.699837726	250	2.399673721
Chrysolampis_mosquitus	1750	3.243286146	0	0	1750	3.243286146	875	2.942504106
Klais_guimeti	1900	3.278982117	150	2.178976947	1750	3.243286146	1025	3.011147361
Stephanoxis_lalandi	2900	3.462547729	0	0	2900	3.462547729	1450	3.161667412
Abeillia_abeillei	2200	3.342620043	1000	3.000434077	1200	3.079543007	1600	3.204391332
Lophornis_ornatus	1000	3.000434077	100	2.004321374	900	2.954724791	550	2.741151599
Lophornis_gouldii	500	2.699837726	0	0	500	2.699837726	250	2.399673721
Lophornis_magnificus	1000	3.000434077	40	1.612783857	960	2.982723388	520	2.716837723
Lophornis_delattrei	2000	3.301247089	500	2.699837726	1500	3.176380692	1250	3.09725731
Lophornis_chalybeus	1000	3.000434077	100	2.004321374	900	2.954724791	550	2.741151599
Lophornis_pavoninus	2000	3.301247089	500	2.699837726	1500	3.176380692	1250	3.09725731
Lophornis_helenae	1500	3.176380692	0	0	1500	3.176380692	750	2.875639937
Lophornis_adorabilis	1220	3.086715664	300	2.478566496	920	2.96425963	760	2.881384657
Discosura_popelairii	1500	3.176380692	500	2.699837726	1000	3.000434077	1000	3.000434077
Discosura_langsdorffi	300	2.478566496	100	2.004321374	200	2.303196057	200	2.303196057
Discosura_conversii	1400	3.146438135	60	1.785329835	1340	3.127428778	730	2.863917377
Discosura_longicaudus	400	2.603144373	0	0	400	2.603144373	200	2.303196057
Chlorestes_notata	1000	3.000434077	0	0	1000	3.000434077	500	2.699837726
Chlorostilbon_auriceps	1800	3.255513713	0	0	1800	3.255513713	900	2.954724791
Chlorostilbon_canivetii	1900	3.278982117	0	0	1900	3.278982117	950	2.978180517
Chlorostilbon_assimilis	190	2.281033367	0	0	190	2.281033367	95	1.982271233
Chlorostilbon_olivaresi	570	2.756636108	360	2.557507202	210	2.324282455	465	2.668385917
Chlorostilbon_mellisugus	2600	3.415140352	0	0	2600	3.415140352	1300	3.114277297
Chlorostilbon_aureoventris	3500	3.544192111	0	0	3500	3.544192111	1750	3.243286146
Chlorostilbon_gibsoni	2300	3.361916619	0	0	2300	3.361916619	1150	3.061075324
Chlorostilbon_russatus	2600	3.415140352	0	0	2600	3.415140352	1300	3.114277297
Chlorostilbon_stenurus	3000	3.477265995	1000	3.000434077	2000	3.301247089	2000	3.301247089
Chlorostilbon_alice	1800	3.255513713	700	2.845718018	1100	3.041787319	1250	3.09725731
Chlorostilbon_poortmani	2800	3.447313109	100	2.004321374	2700	3.431524584	1450	3.161667412
Chlorostilbon_melanorhynchus	2700	3.431524584	600	2.778874472	2100	3.322426052	1650	3.217747073
Cynanthus_sordidus	2200	3.342620043	900	2.954724791	1300	3.114277297	1550	3.190611798
Cynanthus_latirostris	2500	3.398113692	0	0	2500	3.398113692	1250	3.09725731
Thalurania_ridgwayi	1200	3.079543007	250	2.399673721	950	2.978180517	725	2.860936621
Thalurania_colombica	2000	3.301247089	0	0	2000	3.301247089	1000	3.000434077
Thalurania_fannyi	1900	3.278982117	0	0	1900	3.278982117	950	2.978180517
Thalurania_furcata	1900	3.278982117	0	0	1900	3.278982117	950	2.978180517
Thalurania_watertonii	500	2.699837726	0	0	500	2.699837726	250	2.399673721
Thalurania_glaucopis	850	2.92992956	0	0	850	2.92992956	425	2.629409599
Panterpe_insignis	3000	3.477265995	700	2.845718018	2300	3.361916619	1850	3.267406419
Damophila_julie	1800	3.255513713	0	0	1800	3.255513713	900	2.954724791
Lepidopyga_coeruleogularis	100	2.004321374	0	0	100	2.004321374	50	1.707570176
Lepidopyga_lilliae	0	0	0	0	0	0	0	0
Lepidopyga_goudoti	1600	3.204391332	0	0	1600	3.204391332	800	2.903632516
Hylocharis_eliciae	1000	3.000434077	0	0	1000	3.000434077	500	2.699837726
Hylocharis_sapphirina	1800	3.255513713	0	0	1800	3.255513713	900	2.954724791
Hylocharis_cyanus	1250	3.09725731	0	0	1250	3.09725731	625	2.796574333
Hylocharis_chrysura	1000	3.000434077	200	2.303196057	800	2.903632516	600	2.778874472
Hylocharis_grayi	2600	3.415140352	500	2.699837726	2100	3.322426052	1550	3.190611798
Hylocharis_humboldtii	50	1.707570176	0	0	50	1.707570176	25	1.414973348
Chrysuronia_oenone	1700	3.230704314	0	0	1700	3.230704314	850	2.92992956
Goldmania_violiceps	1400	3.146438135	600	2.778874472	800	2.903632516	1000	3.000434077
Goethalsia_bella	1650	3.217747073	600	2.778874472	1050	3.021602716	1125	3.051538391
Leucochloris_albicollis	1000	3.000434077	0	0	1000	3.000434077	500	2.699837726
Polytmus_guainumbi	1500	3.176380692	0	0	1500	3.176380692	750	2.875639937
Polytmus_milleri	2200	3.342620043	300	2.478566496	1900	3.278982117	1250	3.09725731
Polytmus_theresiae	300	2.478566496	100	2.004321374	200	2.303196057	200	2.303196057
Leucippus_fallax	800	2.903632516	0	0	800	2.903632516	400	2.603144373
Leucippus_baeri	1300	3.114277297	0	0	1300	3.114277297	650	2.813580989
Leucippus_taczanowskii	2800	3.447313109	200	2.303196057	2600	3.415140352	1500	3.176380692
Leucippus_chlorocercus	430	2.63447727	30	1.491361694	400	2.603144373	230	2.36361198
Taphrospilus_hypostictus	2800	3.447313109	400	2.603144373	2400	3.38039216	1600	3.204391332
Amazilia_candida	1500	3.176380692	0	0	1500	3.176380692	750	2.875639937
Amazilia_brevirostris	500	2.699837726	0	0	500	2.699837726	250	2.399673721
Amazilia_versicolor	1700	3.230704314	50	1.707570176	1650	3.217747073	875	2.942504106
Amazilia_fimbriata	1100	3.041787319	0	0	1100	3.041787319	550	2.741151599
Amazilia_lactea	1400	3.146438135	0	0	1400	3.146438135	700	2.845718018
Amazilia_amabilis	1400	3.146438135	0	0	1400	3.146438135	700	2.845718018
Amazilia_decora	1200	3.079543007	0	0	1200	3.079543007	600	2.778874472
Amazilia_rosenbergi	900	2.954724791	0	0	900	2.954724791	450	2.654176542
Amazilia_boucardi	10	1.041392685	0	0	10	1.041392685	5	0.77815125
Amazilia_franciae	2750	3.43949059	400	2.603144373	2350	3.371252629	1575	3.197556213
Amazilia_leucogaster	950	2.978180517	0	0	950	2.978180517	475	2.677606953
Amazilia_cyanocephala	2400	3.38039216	0	0	2400	3.38039216	1200	3.079543007
Amazilia_rutila	1700	3.230704314	0	0	1700	3.230704314	850	2.92992956
Amazilia_yucatanensis	1200	3.079543007	0	0	1200	3.079543007	600	2.778874472
Amazilia_tzacatl	2500	3.398113692	0	0	2500	3.398113692	1250	3.09725731
Amazilia_castaneiventris	2045	3.310905629	150	2.178976947	1895	3.277838333	1097.5	3.040800061
Amazilia_amazilia	2850	3.454997217	0	0	2850	3.454997217	1425	3.154119526
Amazilia_viridifrons	1400	3.146438135	60	1.785329835	1340	3.127428778	730	2.863917377
Amazilia_violiceps	2400	3.38039216	0	0	2400	3.38039216	1200	3.079543007
Amazilia_saucerrottei	3000	3.477265995	0	0	3000	3.477265995	1500	3.176380692
Amazilia_cyanifrons	3000	3.477265995	400	2.603144373	2600	3.415140352	1700	3.230704314
Amazilia_edward	1600	3.204391332	0	0	1600	3.204391332	800	2.903632516
Amazilia_cyanura	1800	3.255513713	0	0	1800	3.255513713	900	2.954724791
Amazilia_beryllina	3000	3.477265995	50	1.707570176	2950	3.469969209	1525	3.183554534
Amazilia_viridigaster	2100	3.322426052	60	1.785329835	2040	3.309843005	1080	3.033825694
Amazilia_tobaci	2000	3.301247089	0	0	2000	3.301247089	1000	3.000434077
Eupherusa_poliocerca	2300	3.361916619	800	2.903632516	1500	3.176380692	1550	3.190611798
Eupherusa_eximia	2500	3.398113692	600	2.778874472	1900	3.278982117	1550	3.190611798
Eupherusa_cyanophrys	2500	3.398113692	700	2.845718018	1800	3.255513713	1600	3.204391332
Eupherusa_nigriventris	2100	3.322426052	600	2.778874472	1500	3.176380692	1350	3.130655349
Elvira_chionura	2000	3.301247089	750	2.875639937	1250	3.09725731	1375	3.138618434
Elvira_cupreiceps	1500	3.176380692	300	2.478566496	1200	3.079543007	900	2.954724791
Microchera_albocoronata	1400	3.146438135	300	2.478566496	1100	3.041787319	850	2.92992956
Chalybura_buffonii	2000	3.301247089	0	0	2000	3.301247089	1000	3.000434077
Chalybura_urochrysia	900	2.954724791	0	0	900	2.954724791	450	2.654176542
Aphantochroa_cirrochloris	1170	3.068556895	41	1.62324929	1129	3.053078443	605.5	2.782830805
Lampornis_clemenciae	3500	3.544192111	500	2.699837726	3000	3.477265995	2000	3.301247089
Lampornis_amethystinus	3000	3.477265995	900	2.954724791	2100	3.322426052	1950	3.290257269
Lampornis_viridipallens	2700	3.431524584	900	2.954724791	1800	3.255513713	1800	3.255513713
Lampornis_hemileucus	1400	3.146438135	700	2.845718018	700	2.845718018	1050	3.021602716
Lampornis_castaneoventris	3000	3.477265995	1300	3.114277297	1700	3.230704314	2150	3.33264041
Lampornis_calolaemus	2500	3.398113692	300	2.478566496	2200	3.342620043	1400	3.146438135
Hylocharis_xantusii	2200	3.342620043	0	0	2200	3.342620043	1100	3.041787319
Hylocharis_leucotis	3500	3.544192111	1200	3.079543007	2300	3.361916619	2350	3.371252629
Lamprolaima_rhami	3000	3.477265995	1200	3.079543007	1800	3.255513713	2100	3.322426052
Adelomyia_melanogenys	3400	3.531606632	600	2.778874472	2800	3.447313109	2000	3.301247089
Phlogophilus_hemileucurus	1500	3.176380692	400	2.603144373	1100	3.041787319	950	2.978180517
Phlogophilus_harterti	1500	3.176380692	750	2.875639937	750	2.875639937	1125	3.051538391
Clytolaema_rubricauda	1000	3.000434077	0	0	1000	3.000434077	500	2.699837726
Heliodoxa_imperatrix	2100	3.322426052	400	2.603144373	1700	3.230704314	1250	3.09725731
Heliodoxa_xanthogonys	2000	3.301247089	700	2.845718018	1300	3.114277297	1350	3.130655349
Heliodoxa_gularis	1050	3.021602716	350	2.545307116	700	2.845718018	700	2.845718018
Heliodoxa_branickii	1700	3.230704314	650	2.813580989	1050	3.021602716	1175	3.070407322
Heliodoxa_schreibersii	1450	3.161667412	400	2.603144373	1050	3.021602716	925	2.966610987
Heliodoxa_aurescens	1400	3.146438135	30	1.491361694	1370	3.137037455	715	2.854913022
Heliodoxa_rubinoides	2600	3.415140352	1000	3.000434077	1600	3.204391332	1800	3.255513713
Heliodoxa_jacula	2000	3.301247089	300	2.478566496	1700	3.230704314	1150	3.061075324
Heliodoxa_leadbeateri	2400	3.38039216	400	2.603144373	2000	3.301247089	1400	3.146438135
Eugenes_fulgens	3000	3.477265995	1500	3.176380692	1500	3.176380692	2250	3.352375495
Hylonympha_macrocerca	1200	3.079543007	520	2.716837723	680	2.833147112	860	2.935003151
Sternoclyta_cyanopectus	2000	3.301247089	700	2.845718018	1300	3.114277297	1350	3.130655349
Oreotrochilus_chimborazo	5000	3.699056855	3500	3.544192111	1500	3.176380692	4250	3.628491105
Oreotrochilus_estella	5000	3.699056855	2400	3.38039216	2600	3.415140352	3700	3.568319085
Oreotrochilus_leucopleurus	4000	3.602168551	1400	3.146438135	2600	3.415140352	2700	3.431524584
Oreotrochilus_melanogaster	4800	3.681331706	3500	3.544192111	1300	3.114277297	4150	3.618152733
Oreotrochilus_adela	4000	3.602168551	2600	3.415140352	1400	3.146438135	3300	3.518645524
Urochroa_bougueri	2800	3.447313109	500	2.699837726	2300	3.361916619	1650	3.217747073
Patagona_gigas	4500	3.653309013	0	0	4500	3.653309013	2250	3.352375495
Aglaeactis_cupripennis	4600	3.662852233	2200	3.342620043	2400	3.38039216	3400	3.531606632
Aglaeactis_castelnaudii	4300	3.633569443	2500	3.398113692	1800	3.255513713	3400	3.531606632
Aglaeactis_aliciae	3400	3.531606632	3000	3.477265995	400	2.603144373	3200	3.505285674
Aglaeactis_pamela	3500	3.544192111	1800	3.255513713	1700	3.230704314	2650	3.423409728
Lafresnaya_lafresnayi	3700	3.568319085	1500	3.176380692	2200	3.342620043	2600	3.415140352
Pterophanes_cyanopterus	3700	3.568319085	2600	3.415140352	1100	3.041787319	3150	3.498448403
Coeligena_coeligena	2600	3.415140352	1000	3.000434077	1600	3.204391332	1800	3.255513713
Coeligena_wilsoni	2400	3.38039216	400	2.603144373	2000	3.301247089	1400	3.146438135
Coeligena_prunellei	2800	3.447313109	1000	3.000434077	1800	3.255513713	1900	3.278982117
Coeligena_torquata	3200	3.505285674	1500	3.176380692	1700	3.230704314	2350	3.371252629
Coeligena_phalerata	3700	3.568319085	1400	3.146438135	2300	3.361916619	2550	3.406710459
Coeligena_bonapartei	3200	3.505285674	1400	3.146438135	1800	3.255513713	2300	3.361916619
Coeligena_helianthea	3300	3.518645524	1900	3.278982117	1400	3.146438135	2600	3.415140352
Coeligena_lutetiae	3600	3.556423121	2600	3.415140352	1000	3.000434077	3100	3.491501766
Coeligena_violifer	3900	3.59117595	1300	3.114277297	2600	3.415140352	2600	3.415140352
Coeligena_iris	3300	3.518645524	1500	3.176380692	1800	3.255513713	2400	3.38039216
Coeligena_orina	3500	3.544192111	3200	3.505285674	300	2.478566496	3350	3.525174428
Ensifera_ensifera	3500	3.544192111	1700	3.230704314	1800	3.255513713	2600	3.415140352
Sephanoides_sephaniodes	2000	3.301247089	0	0	2000	3.301247089	1000	3.000434077
Boissonneaua_flavescens	3600	3.556423121	1400	3.146438135	2200	3.342620043	2500	3.398113692
Boissonneaua_matthewsii	3300	3.518645524	1200	3.079543007	2100	3.322426052	2250	3.352375495
Boissonneaua_jardini	2200	3.342620043	300	2.478566496	1900	3.278982117	1250	3.09725731
Heliangelus_mavors	3200	3.505285674	1500	3.176380692	1700	3.230704314	2350	3.371252629
Heliangelus_clarisse	3600	3.556423121	1800	3.255513713	1800	3.255513713	2700	3.431524584
Heliangelus_amethysticollis	3200	3.505285674	1800	3.255513713	1400	3.146438135	2500	3.398113692
Heliangelus_strophianus	3000	3.477265995	900	2.954724791	2100	3.322426052	1950	3.290257269
Heliangelus_exortis	3400	3.531606632	1400	3.146438135	2000	3.301247089	2400	3.38039216
Heliangelus_viola	3200	3.505285674	1800	3.255513713	1400	3.146438135	2500	3.398113692
Heliangelus_regalis	2200	3.342620043	1350	3.130655349	850	2.92992956	1775	3.249442961
Eriocnemis_nigriventris	4570	3.660011221	2400	3.38039216	2170	3.336659823	3485	3.542327383
Eriocnemis_vestita	4600	3.662852233	2250	3.352375495	2350	3.371252629	3425	3.534787359
Eriocnemis_luciani	4800	3.681331706	2000	3.301247089	2800	3.447313109	3400	3.531606632
Eriocnemis_cupreoventris	3000	3.477265995	2000	3.301247089	1000	3.000434077	2500	3.398113692
Eriocnemis_mosquera	3600	3.556423121	1200	3.079543007	2400	3.38039216	2400	3.38039216
Eriocnemis_glaucopoides	2900	3.462547729	1500	3.176380692	1400	3.146438135	2200	3.342620043
Eriocnemis_alinae	2800	3.447313109	1600	3.204391332	1200	3.079543007	2200	3.342620043
Eriocnemis_isabellae	2900	3.462547729	2600	3.415140352	300	2.478566496	2750	3.43949059
Haplophaedia_aureliae	3100	3.491501766	900	2.954724791	2200	3.342620043	2000	3.301247089
Haplophaedia_assimilis	3000	3.477265995	1500	3.176380692	1500	3.176380692	2250	3.352375495
Haplophaedia_lugens	2500	3.398113692	1100	3.041787319	1400	3.146438135	1800	3.255513713
Urosticte_benjamini	1600	3.204391332	600	2.778874472	1000	3.000434077	1100	3.041787319
Urosticte_ruficrissa	2400	3.38039216	1300	3.114277297	1100	3.041787319	1850	3.267406419
Ocreatus_underwoodii	3100	3.491501766	850	2.92992956	2250	3.352375495	1975	3.29578694
Lesbia_victoriae	4100	3.612889769	2600	3.415140352	1500	3.176380692	3350	3.525174428
Lesbia_nuna	3800	3.57989787	1700	3.230704314	2100	3.322426052	2750	3.43949059
Sappho_sparganura	4000	3.602168551	1500	3.176380692	2500	3.398113692	2750	3.43949059
Polyonymus_caroli	3400	3.531606632	2100	3.322426052	1300	3.114277297	2750	3.43949059
Ramphomicron_microrhynchum	3600	3.556423121	1700	3.230704314	1900	3.278982117	2650	3.423409728
Ramphomicron_dorsale	4600	3.662852233	2000	3.301247089	2600	3.415140352	3300	3.518645524
Metallura_williami	4000	3.602168551	2100	3.322426052	1900	3.278982117	3050	3.484442208
Metallura_baroni	3700	3.568319085	3100	3.491501766	600	2.778874472	3400	3.531606632
Metallura_odomae	3650	3.562411833	2600	3.415140352	1050	3.021602716	3125	3.494988974
Metallura_theresiae	3800	3.57989787	2800	3.447313109	1000	3.000434077	3300	3.518645524
Metallura_eupogon	4000	3.602168551	2900	3.462547729	1100	3.041787319	3450	3.537944959
Metallura_aeneocauda	4000	3.602168551	2500	3.398113692	1500	3.176380692	3250	3.512016969
Metallura_phoebe	4300	3.633569443	1800	3.255513713	2500	3.398113692	3050	3.484442208
Metallura_tyrianthina	4200	3.623352682	600	2.778874472	3600	3.556423121	2400	3.38039216
Metallura_iracunda	3600	3.556423121	1800	3.255513713	1800	3.255513713	2700	3.431524584
Chalcostigma_ruficeps	3600	3.556423121	1400	3.146438135	2200	3.342620043	2500	3.398113692
Chalcostigma_olivaceum	4700	3.672190251	3500	3.544192111	1200	3.079543007	4100	3.612889769
Chalcostigma_stanleyi	4500	3.653309013	2200	3.342620043	2300	3.361916619	3350	3.525174428
Chalcostigma_heteropogon	3900	3.59117595	2900	3.462547729	1000	3.000434077	3400	3.531606632
Chalcostigma_herrani	4000	3.602168551	2450	3.389343311	1550	3.190611798	3225	3.508664363
Oxypogon_guerinii	5200	3.716086854	2800	3.447313109	2400	3.38039216	4000	3.602168551
Opisthoprora_euryptera	3600	3.556423121	1700	3.230704314	1900	3.278982117	2650	3.423409728
Aglaiocercus_kingi	3000	3.477265995	900	2.954724791	2100	3.322426052	1950	3.290257269
Aglaiocercus_berlepschi	1800	3.255513713	1450	3.161667412	350	2.545307116	1625	3.211120541
Aglaiocercus_coelestis	2100	3.322426052	300	2.478566496	1800	3.255513713	1200	3.079543007
Oreonympha_nobilis	3900	3.59117595	2500	3.398113692	1400	3.146438135	3200	3.505285674
Augastes_lumachella	2000	3.301247089	900	2.954724791	1100	3.041787319	1450	3.161667412
Augastes_scutatus	2000	3.301247089	900	2.954724791	1100	3.041787319	1450	3.161667412
Schistes_geoffroyi	2800	3.447313109	800	2.903632516	2000	3.301247089	1800	3.255513713
Heliothryx_barroti	1800	3.255513713	0	0	1800	3.255513713	900	2.954724791
Heliothryx_auritus	1300	3.114277297	0	0	1300	3.114277297	650	2.813580989
Heliactin_bilophus	1000	3.000434077	28	1.462397998	972	2.98811284	514	2.711807229
Loddigesia_mirabilis	2900	3.462547729	1800	3.255513713	1100	3.041787319	2350	3.371252629
Heliomaster_constantii	1500	3.176380692	0	0	1500	3.176380692	750	2.875639937
Heliomaster_longirostris	2500	3.398113692	0	0	2500	3.398113692	1250	3.09725731
Heliomaster_squamosus	800	2.903632516	37	1.579783597	763	2.883093359	418.5	2.622731965
Heliomaster_furcifer	1500	3.176380692	13	1.146128036	1487	3.172602931	756.5	2.879382637
Rhodopis_vesper	3800	3.57989787	0	0	3800	3.57989787	1900	3.278982117
Thaumastura_cora	3000	3.477265995	0	0	3000	3.477265995	1500	3.176380692
Calliphlox_bryantae	1850	3.267406419	700	2.845718018	1150	3.061075324	1275	3.105850674
Calliphlox_mitchellii	2400	3.38039216	127	2.10720997	2273	3.35679046	1263.5	3.101918834
Doricha_enicura	2200	3.342620043	1000	3.000434077	1200	3.079543007	1600	3.204391332
Doricha_eliza	300	2.478566496	0	0	300	2.478566496	150	2.178976947
Tilmatura_dupontii	2500	3.398113692	750	2.875639937	1750	3.243286146	1625	3.211120541
Microstilbon_burmeisteri	2600	3.415140352	1600	3.204391332	1000	3.000434077	2100	3.322426052
Calothorax_lucifer	2500	3.398113692	600	2.778874472	1900	3.278982117	1550	3.190611798
Calothorax_pulcher	2200	3.342620043	1000	3.000434077	1200	3.079543007	1600	3.204391332
Archilochus_colubris	1500	3.176380692	0	0	1500	3.176380692	750	2.875639937
Archilochus_alexandri	2000	3.301247089	0	0	2000	3.301247089	1000	3.000434077
Calypte_anna	2500	3.398113692	0	0	2500	3.398113692	1250	3.09725731
Calypte_costae	2200	3.342620043	0	0	2200	3.342620043	1100	3.041787319
Calliphlox_amethystina	1500	3.176380692	0	0	1500	3.176380692	750	2.875639937
Stellula_calliope	3400	3.531606632	180	2.257678575	3220	3.507990725	1790	3.253095586
Atthis_heloisa	3000	3.477265995	1500	3.176380692	1500	3.176380692	2250	3.352375495
Atthis_ellioti	3500	3.544192111	1500	3.176380692	2000	3.301247089	2500	3.398113692
Myrtis_fanny	3550	3.550350672	700	2.845718018	2850	3.454997217	2125	3.32756326
Eulidia_yarrellii	700	2.845718018	200	2.303196057	500	2.699837726	450	2.654176542
Myrmia_micrura	1200	3.079543007	0	0	1200	3.079543007	600	2.778874472
Chaetocercus_mulsant	3100	3.491501766	800	2.903632516	2300	3.361916619	1950	3.290257269
Chaetocercus_bombus	2200	3.342620043	0	0	2200	3.342620043	1100	3.041787319
Chaetocercus_berlepschi	500	2.699837726	0	0	500	2.699837726	250	2.399673721
Selasphorus_platycercus	3500	3.544192111	1500	3.176380692	2000	3.301247089	2500	3.398113692
Selasphorus_rufus	3000	3.477265995	0	0	3000	3.477265995	1500	3.176380692
Selasphorus_sasin	2650	3.423409728	0	0	2650	3.423409728	1325	3.122543524
Selasphorus_flammula	3500	3.544192111	1200	3.079543007	2300	3.361916619	2350	3.371252629
Selasphorus_scintilla	2450	3.389343311	900	2.954724791	1550	3.190611798	1675	3.224274014
Chlorostilbon_forficatus	0	0	0	0	0	0	0	0
Heliangelus_micraster	3400	3.531606632	2200	3.342620043	1200	3.079543007	2800	3.447313109
Leucippus_viridicauda	2750	3.43949059	1000	3.000434077	1750	3.243286146	1875	3.273232834
Leucippus_chionogaster	3500	3.544192111	350	2.545307116	3150	3.498448403	1925	3.284656283
