"Species"	"Sex"	"PC1"	"PC2"	"PC3"	"PC4"	"PC5"	"PC6"	"PC7"	"PC8"	"PC9"	"PC10"	"PC11"	"PC12"	"PC13"
"1"	"Adelomyia_melanogenys"	"Females"	-1.56412169234059	-2.4172332671165	0.893515899359787	-1.34543979869119	-0.0918329614609534	0.130641583549796	0.108840651322878	-0.138291515046903	-0.0555001554026463	0.0309001253879051	-0.00747588642910208	-0.0282646460510089	0.0189730796154125
"2"	"Adelomyia_melanogenys"	"Males"	-0.699211126774914	-2.11972618932042	0.177519778406461	-1.73839585465455	-0.245741581558155	0.2158803099791	0.154407201218889	-0.100383495492936	-0.0192851117713404	0.0218272270280646	0.00868245276346723	0.00202317730638552	0.0327055225115657
"3"	"Aglaeactis_cupripennis"	"Females"	3.32103097798078	-1.96749033370625	-1.40218111464366	-0.21341713142017	-0.129466737777828	-0.910380252102654	0.491507984478545	-0.0369557124078399	-0.119208860408532	-0.0530356072622059	0.0262858759335535	0.0340482663079474	-0.00364231942086691
"4"	"Aglaeactis_cupripennis"	"Males"	3.9943168933766	-1.39481638664124	-2.87190518761434	-0.495929935447982	0.0606687694093216	-1.2949480736625	0.561625716445637	-0.0443570066822689	-0.129938269995342	-0.021232193471192	0.042890531949996	-0.0119131082355671	-0.00349872322829726
"5"	"Aglaiocercus_coelestis"	"Females"	-0.503363896565768	-1.39548290930936	-0.0109222915813457	-0.390140400995336	-0.216240416396105	0.120740060342854	-0.20132216640773	0.0197156439623298	0.00665729884003537	-0.0563005564842495	-0.0211104091683667	-0.0183113588026164	-0.000406010710846404
"6"	"Aglaiocercus_coelestis"	"Males"	1.39970138399746	-0.627564335944061	-1.73971168058283	-0.761398201541277	-0.277843442265521	0.188434995488621	0.0482476146221303	0.0390152592596988	0.0921776070545912	0.0161428197894984	0.0342892101719591	-0.00194102489349949	0.00282040982202092
"7"	"Aglaiocercus_kingii"	"Females"	-1.04778948770148	-0.750438700981571	-0.343897347675964	-0.0191129719609941	-0.171261832036695	-0.00371248644771825	-0.00833726994957375	-0.0750980781910743	0.0299352312049322	-0.0280438333135065	-0.0191946225697806	-0.0011412065174129	0.0102292101968137
"8"	"Aglaiocercus_kingii"	"Males"	0.223017491392035	-0.30960821617944	-1.97506548233278	0.0944359072904316	0.24602385314597	-0.261642506066148	-0.0906965977066603	-0.0121020301388719	0.173039352927307	0.0405366333635626	0.021974565732549	-0.0118872300373991	-0.00608763311424432
"9"	"Amazilia_amabilis"	"Females"	-2.03005363412143	-0.250274640358895	0.22138408670138	0.364464436091981	0.616951376495493	0.293965648837896	0.0360691616648233	-0.0480637441816477	-0.042468326337282	-0.00899231106502313	-0.0210107089123142	-0.00647059799877128	0.00302372972762748
"10"	"Amazilia_amabilis"	"Males"	-1.44305514383026	0.328915764867516	-0.772482578660126	-0.142095190591472	0.429691977078115	0.321678401246048	-0.00378413680475451	-0.0093232941718891	-0.0203137290221357	-0.0242748710362716	-0.0073474975760569	-0.00171928230956048	-0.0026744845559712
"11"	"Amazilia_castaneiventris"	"Females"	-1.44444452760686	0.576373186296404	-0.125849471069247	-0.502536041133422	-0.328508510902465	0.12554791560997	-0.292414649161579	0.069764250931015	0.058203124161796	0.0184510415604933	-0.0011618012463387	-0.0170967019188387	-0.00303766987930321
"12"	"Amazilia_castaneiventris"	"Males"	-1.03067487199888	0.725020978572627	-0.762434489073217	0.0778941762785113	-0.233890632701059	0.243795506991675	-0.453097517543106	0.11365427757745	-0.0625159959680128	-0.17236116762312	0.00980446803266734	-0.0187165409754557	-0.004908018638361
"13"	"Amazilia_cyanifrons"	"Females"	-1.63612712057233	0.726220081178737	-0.387606229982066	0.0685950056642978	-0.255699934603796	-0.112217755206007	0.12311851404423	-0.0888967218840257	0.0602780987159559	0.00202855109591543	-0.0288134678121798	0.00573144161643893	-0.0043583315247881
"14"	"Amazilia_cyanifrons"	"Males"	-1.4274784163031	0.952064708184032	-0.87149665629644	-0.0726168521921701	-0.496362102766064	-0.15299685105719	0.250036479800122	-0.135873899778305	0.0834929189801586	-0.00125691646538113	0.00943271352888013	0.00863342546798614	-0.0135098698810117
"15"	"Amazilia_fimbriata"	"Females"	-0.954386803862274	0.186136213819681	0.562071663129578	-0.0278704535651081	-0.307854463334925	0.253988684351876	0.0612732218962314	-0.0336266861101476	-0.00276179338468135	-0.0550510793824304	-0.00379091198182911	-0.0184828301870012	-0.00500144159665891
"16"	"Amazilia_fimbriata"	"Males"	-0.410807667421877	0.587740357743318	-0.333553480697379	-0.6222313855555	-0.462126320321967	0.199297928194374	-0.0233480396731122	-0.0199245766771086	-0.00845793623652066	-0.0688228625884689	-0.00435340844629767	-0.0136462556617706	-0.000651986132470795
"17"	"Amazilia_franciae"	"Females"	-0.975448313469442	1.00726868072039	0.554540264863369	-0.0835960155552028	-0.275093649081054	0.174749575294655	0.200747263271838	-0.0465799463600182	0.0692331640188283	0.0097229184111938	0.00231720750678555	-0.00474120518500139	-0.00418459908776306
"18"	"Amazilia_franciae"	"Males"	-0.506315234036119	1.4012257630578	-0.142131698295258	-0.36603263152888	-0.642555581901805	0.226420702528132	0.229569016743384	-0.0575158904017063	0.0951368925458223	0.0197271649127472	0.00954775052301304	-0.0016166859754263	-0.0145777154665823
"19"	"Amazilia_saucerottei"	"Females"	-2.3445782827504	0.235057914783065	0.214554492596839	1.09059010813333	-0.0750573420259326	-0.31885079170136	0.0143368513349244	-0.102801599497556	0.0314035273411633	-0.0697181856840256	-0.0081027833207392	0.0161122201609032	0.0181261554042113
"20"	"Amazilia_saucerottei"	"Males"	-2.04655923678589	0.750971035260652	-0.736240848814613	0.869932250560362	-0.115163771989785	-0.324526861682174	-0.0301734534420215	-0.0950580828638425	0.0164764976713789	-0.107650264262703	0.0119214537862166	0.0302404445372341	0.0267155096866787
"21"	"Amazilia_tzacatl"	"Females"	-0.949309930356927	0.191956318015591	0.439650229765458	0.0123437381567848	-0.306393496717156	0.312756898893004	-0.0609422768051121	0.0184731891817378	0.0494923573716624	-0.0223567757108984	0.0214567698260554	-0.0168887161460339	-0.00815209163032853
"22"	"Amazilia_tzacatl"	"Males"	-0.430359290696558	0.420291902299454	-0.184053634363166	-0.247904821490848	-0.49834825514471	0.383782777750803	-0.206874190230582	0.0710983561224503	0.0619888804583857	-0.0361890306045406	0.0414202116039917	-0.0163326905708664	-0.00526189753868124
"23"	"Amazilia_versicolor"	"Females"	-2.60492700435641	-0.324228885160239	-0.137123579887159	-0.0760179432208529	0.406557030493439	0.212328602501952	-0.435163048409507	0.0487100453046714	-0.0639157685349262	0.0103171910652833	0.00542274271789883	-0.019503323029132	-0.0018964103345909
"24"	"Amazilia_versicolor"	"Males"	-2.27019708007162	0.173776379004383	-0.64975415213901	-0.28139397566201	0.0531148139615298	0.113456907286935	-0.262129103744676	0.0220799549140428	-0.00767371916546417	0.0122747341214594	-0.00227785701308182	-0.00916960943587056	-0.0107297968848996
"25"	"Amazilia_viridigaster"	"Females"	-2.05933954752854	0.146988597264627	0.0792013806011387	0.574879125762828	0.227173005319586	-0.112043167495909	-0.0928256284516096	-0.04831782261252	0.0248810047175781	-0.0304867520662288	-0.000739337464086581	0.00108768847982731	0.00703190982311151
"26"	"Amazilia_viridigaster"	"Males"	-1.80259075526541	0.557782316129332	-0.577047557274969	0.732475599609969	0.111523403437556	-0.10081817313837	-0.23010655823484	0.00270226500571735	0.0516357556036921	-0.0511207079355894	-0.00478992224725565	0.0128249207021767	0.0110259205611586
"27"	"Androdon_aequatorialis"	"Females"	3.44957979824103	0.746215631383969	2.16875173238982	-0.116042727515308	-0.165286739752756	1.36125887296914	0.772801024655086	-0.037404439560991	-0.0172387353762987	0.038740576059674	0.0455227753552305	0.037798129280074	-0.00689878423966823
"28"	"Androdon_aequatorialis"	"Males"	3.98543331087969	0.59875344442388	1.57258329218882	-0.152966716270602	-0.727504371321247	1.79449010805807	0.669612027891392	0.0558570672664175	0.0267318690355924	0.0762865676489648	0.124552166864529	0.046414252714677	-0.0097751153213015
"29"	"Anthocephala_floriceps"	"Females"	-3.4462972234608	-0.735486750958084	-0.735395578857954	0.533107000836472	1.60893732924567	0.105894711037254	-0.14602428738856	-0.157520886453985	-0.178284094881185	0.00728461443852427	0.0323649048282031	0.0189765156066074	0.00996694995691142
"30"	"Anthocephala_floriceps"	"Males"	-2.97389184550345	-0.795418127900874	-1.12302773349248	0.441694570328808	1.63683543851853	0.189470392301356	-0.124370213820792	-0.11601328666367	-0.123757444549552	0.00323440562573835	0.0294686039442782	0.023514774636992	0.0206947248570515
"31"	"Anthracothorax_nigricollis"	"Females"	1.19876783763595	1.70074550988715	-1.07589766437141	1.62850158492796	-0.0479073000306986	-0.102571978270211	-0.022741954743078	-0.0954676336532163	0.125208854054332	0.00914927151424208	0.00275875347569448	-0.000411071155206118	0.0372867255025727
"32"	"Anthracothorax_nigricollis"	"Males"	1.78428683660355	1.85661703758774	-1.57336514830231	1.36166851105727	-0.273499249614098	0.00510257095670227	-0.0265135094882064	-0.0965823078286962	0.0755964376225361	-0.0134324932149798	0.0249323496111055	-0.0220086895707959	0.0122325078347908
"33"	"Boissonneaua_flavescens"	"Females"	2.26270536044782	-1.0024476245094	-1.00486025851014	0.809225933690086	-0.706047665568069	-0.166938612282573	-0.0550458529173308	-0.00302356153597039	0.097457087428791	0.0574188982863672	0.0544606511781522	-0.00208027721330431	-0.00570840868443618
"34"	"Boissonneaua_flavescens"	"Males"	3.21749649653989	-0.426445775555379	-2.21729891949924	0.489613138624968	-0.868769434962322	-0.338911027432432	-0.177576876289028	0.00550513008259756	-0.0262938304496653	0.00313679528397126	0.0612669603151524	-0.0379133413829423	-0.00553608128199758
"35"	"Boissonneaua_jardini"	"Females"	3.51776024263711	0.0512243017095904	-0.51252662258614	1.79410038102172	-1.64282026307943	0.153698155170041	-0.0963318960814969	-0.170071158304927	-0.194610891507802	-0.00216236407201315	-0.0417605722294054	-0.0350035514366697	0.00749808019161671
"36"	"Boissonneaua_jardini"	"Males"	3.97088758991084	-0.0442348248445947	-1.01526667949451	1.61329940543517	-1.79612093438679	0.0225668844730735	0.0461345748485299	-0.251867107179427	-0.213286813771524	0.0557410344851155	-0.0210890489117777	-0.033798410525299	0.00223572197545767
"37"	"Calliphlox_mitchellii"	"Females"	-4.96379455744204	1.98337595094833	0.0267404976425805	0.320963693632478	-1.37165854876498	-0.951205288371946	0.36844411341797	0.121755692807758	0.00896721531857314	-0.0782164324784436	0.00938027598769706	0.0522113616373478	-0.00506006451030051
"38"	"Calliphlox_mitchellii"	"Males"	-5.50547686695321	2.90972720940506	-0.284080011610823	-0.209455775064319	-1.99349462534587	-1.39949789959091	0.533671690005348	0.277969679555104	0.0665448204366252	-0.0764480433975077	-0.0156251462749253	0.0718513120213987	-0.0196925211941615
"39"	"Campylopterus_falcatus"	"Females"	1.61969630423569	-0.159511201476447	0.738783951571288	0.760224271374402	0.0704626650424723	0.915995720524428	-0.126587116082597	0.209017884866851	0.0867619342520405	-0.00830605131448182	0.0162707302603804	-0.00841955204813197	0.000724932317919177
"40"	"Campylopterus_falcatus"	"Males"	2.61066572070666	-0.068019578479043	0.251631716213632	0.688997572888739	-0.864151105897768	0.540654319874719	-0.172771535167922	0.0733132894982423	0.0721724506484642	0.0493741624757662	-0.00387725338146523	-0.00184097073892094	-0.00901596018056466
"41"	"Campylopterus_largipennis"	"Females"	2.59974369719353	-1.86532286506722	1.30509344709183	2.15644587491054	0.227196168763515	0.31587489355398	0.33710177129466	0.157615840198958	-0.251932590060685	-0.213003130192752	-0.0306418806789291	-0.0117382073911668	-0.0287810237644938
"42"	"Campylopterus_largipennis"	"Males"	3.69167282367597	-2.20069146865981	1.81305994593829	3.83650087507945	-0.697604199574477	0.0816842299937788	0.613574826771156	-0.0933317132811649	-0.452151131834851	-0.0771328091792911	0.0195659957506804	-0.0156496863549646	-0.0509235773287735
"43"	"Chaetocercus_heliodor"	"Females"	-5.22050006616607	0.748720168651501	1.19055591805851	-0.49275603287063	-1.89425327517056	-1.0571657659124	0.217521755758099	0.151639073022732	-0.0662751773434318	-0.0617105677814234	-0.0133747640896627	-0.0674441576438373	-0.00700662321541122
"44"	"Chaetocercus_heliodor"	"Males"	-6.55065678051575	2.04690234283823	0.726280939530149	1.39309016551334	-2.02266232517504	-1.64770019546984	0.223102979271576	0.374692968972824	0.10031652538132	-0.135994322207658	0.00710619129782011	0.0919794482011732	0.0307580556405432
"45"	"Chaetocercus_mulsant"	"Females"	-4.02506169640147	1.76787782021126	0.768445004725886	-0.0212425397294712	-1.81211910337749	-1.35397077488604	0.180031914705581	0.125489496084811	0.204637552992983	-0.0187185265747852	-0.0373914005274913	-0.00135297256155363	-0.0106024141641907
"46"	"Chaetocercus_mulsant"	"Males"	-4.3032261335515	2.39345079846757	0.0874683927992483	-0.742695963914143	-1.91450303824504	-1.41403159213284	0.198882276884854	0.197436640624415	0.14496631565013	-0.0225655427950112	-0.0359032313007539	0.00944736661317262	-0.0174719588944248
"47"	"Chalcostigma_herrani"	"Females"	0.370600560750726	-3.15028571576307	0.276539382274975	-0.161267582897476	-0.393584086824257	0.0598655262678511	0.40881672829716	-0.0632975642018596	0.0684594505360693	0.0546470654512352	-0.0956100537961572	0.0350215630316149	-0.0167461922569086
"48"	"Chalcostigma_herrani"	"Males"	1.21247315915452	-3.07405388904171	-0.186952963508322	0.15465729309841	-0.633720645317558	-0.134038861800046	0.482642864308247	-0.0901169750866972	0.0398000465011076	0.0477776963910682	-0.03172276192004	0.0502949576814452	-0.0251082197837318
"49"	"Chalcostigma_heteropogon"	"Females"	0.104663505612964	-2.84662639102723	-0.0997240874917847	-1.32433690805586	-0.365310586764867	-0.236084236211712	-0.271835341412036	0.0469869617245261	0.00965040406047593	-0.0476490176960234	-0.0709289955186348	0.0242097342085484	0.0270270367154612
"50"	"Chalcostigma_heteropogon"	"Males"	1.01450568655202	-2.22402905647426	-1.16849725613523	-1.38028037264754	-0.511783336361084	-0.311312573006319	-0.203297454616639	0.0582224075721942	0.0390167429262053	-0.0415181436193774	-0.0223371455558466	0.0305510337541486	0.027915577895796
"51"	"Chalybura_buffonii"	"Females"	0.834102620546618	0.491113114974257	-0.150955455884136	1.16433110817583	0.309218277139654	0.20356867525611	-0.197137874884906	0.0840997576920622	0.104896158933577	-0.0353929554460278	0.0232147716692499	-0.0101935441891968	0.00761934757484885
"52"	"Chalybura_buffonii"	"Males"	2.18358805291997	0.595205276612178	-1.02108153403582	1.13902507953646	0.154410317157871	0.00919176534981211	-0.099721153533639	0.0510961973505413	0.0709384791253902	-0.0226452084698556	0.0569151797640199	-0.0264743460369267	0.0139996539255326
"53"	"Chalybura_urochrysia"	"Females"	1.10145411639331	0.743834264933629	-0.365125194259878	0.22443554659877	-0.334355339511542	0.580004279296561	0.410177884290009	-0.100665780749497	-0.0447673023322535	-0.0836042320446576	0.00697480911470781	-0.00887863254692181	-0.000301730972226414
"54"	"Chalybura_urochrysia"	"Males"	2.34475600790804	1.02834850341414	-1.23625265326234	0.380707034860543	-0.39624646394277	0.691784559850739	0.47782020284943	-0.0822362131847844	0.0832365263712347	0.048670395905733	0.0937360104959072	-0.0151931971186955	-0.0171459936947637
"55"	"Chlorostilbon_gibsoni"	"Females"	-3.56330062893492	-0.717795350904401	0.245672297908093	1.37759656968891	1.25877234498631	0.353312934032227	-0.132196182714703	-0.0905583722385955	-0.114254584565298	0.0441881604333858	-0.00346878243458053	0.0266745136152917	0.0327646523036205
"56"	"Chlorostilbon_gibsoni"	"Males"	-3.35908459998314	-0.590254449116171	-0.010290381744274	1.38945006020247	1.09507690840499	0.384563824652977	-0.0132808188482797	-0.0950163013686368	-0.0891549280114543	0.0248342859812327	0.00284971978240299	0.0340428587973226	0.0388623034656858
"57"	"Chlorostilbon_melanorhynchus"	"Females"	-3.83781380520969	-0.758709526479631	-0.0108417340519316	0.438043756507364	0.980965644066188	0.181921576384547	0.0295835342169882	-0.168878234182938	-0.129447102403768	0.110390820108584	0.0334747239687962	0.00716840283304306	0.00434191909718415
"58"	"Chlorostilbon_melanorhynchus"	"Males"	-3.68459864961502	0.280545344148966	-1.38433026427884	0.44410216942599	1.12233558103477	0.229808330317371	-0.126717195300659	-0.0820776518397054	-0.164416866915971	0.0287843230544723	0.0107582849420972	0.0540288128587165	0.00697361509130766
"59"	"Chlorostilbon_mellisugus"	"Females"	-4.06233376999703	-1.03037892506848	0.560276622653918	1.34135536118109	1.1596572044756	0.346285480377246	-0.101051927357744	-0.13708772574461	-0.149862745203083	0.0764774513050127	0.0316577061105912	0.013768390599592	0.021077819402202
"60"	"Chlorostilbon_mellisugus"	"Males"	-4.0464611464341	-0.319916220554973	-0.101723286369831	1.72289945953811	1.08476569893604	0.214568471821654	-0.177027004891936	-0.0764854018693273	-0.101913724481343	0.0255068950463085	0.0433069251199757	0.0647866926235093	0.0544544882291259
"61"	"Chlorostilbon_notatus"	"Females"	-2.48259093284755	0.710732840432128	-0.446011479984689	-0.0746323999573232	0.595044306980101	0.306564866815586	0.43342838380917	-0.151506868678589	-0.0899548417880698	0.00986115452466677	0.0267986932336453	0.0164610416652412	-0.0133759679671481
"62"	"Chlorostilbon_notatus"	"Males"	-2.11266718543479	1.03031770006581	-1.19701728706438	-1.02581601554216	0.195539458378425	0.0315440884931029	-0.101248730527198	-0.0183214554101925	-0.0996134688350185	-0.0267861086920389	-0.0224966380288423	-0.00497549470506507	-0.0234287186863859
"63"	"Chlorostilbon_olivaresi"	"Females"	-2.52519957661511	-0.0953649946439092	0.7145304169168	0.726133716060296	0.457305571196113	0.269498155163649	0.352396609356021	-0.132195970306354	0.0672001524525942	0.109889146544004	0.0383693665472131	0.00775446998758519	-0.00302484718615647
"64"	"Chlorostilbon_olivaresi"	"Males"	-2.52796523870121	0.544517441133978	0.091131928238163	0.910474625416264	0.382197273699587	0.170423574704786	0.257725335043522	-0.0854874957102416	0.0868740372130203	0.0657828641546761	0.0547550897412362	0.0319783893806451	0.0062422965686489
"65"	"Chlorostilbon_poortmani"	"Females"	-3.08881499026827	-0.245591867478488	0.733080240216229	0.536275865111167	0.509960076132813	0.109384022988124	-0.243910475752989	-0.000396796291293189	-0.00689853361528048	0.0763058596268194	0.0327679975666474	-0.00976423428123033	-0.00157708499770324
"66"	"Chlorostilbon_poortmani"	"Males"	-3.65527283581768	0.706040942640308	-0.226746936856628	0.678360119079063	0.464767218291414	0.00213268101159214	-0.299870194138452	0.0418219875973603	-0.106074422599483	-0.013336058400016	0.00625050865974749	0.0371977127737967	0.0100109638483376
"67"	"Chrysolampis_mosquitus"	"Females"	-2.27340346690926	0.0683288662740886	-1.29861220558019	-0.0141778887837876	0.609322695157529	0.194892782921959	-0.287590147467099	0.0235680935810391	-0.0102785722207615	0.0569901936123213	-0.104657972885974	0.010838771856656	0.00969687791721542
"68"	"Chrysolampis_mosquitus"	"Males"	-2.10663508744762	1.29248488320312	-2.91993261023172	-0.23024859813977	0.696668478668552	0.289454351142907	-0.386924230710041	0.0976655013384091	0.00536197175901398	0.0446798573581527	-0.094753113713606	0.0401527419862249	-0.0211022037658817
"69"	"Chrysuronia_oenone"	"Females"	-1.95185384589294	0.278030656193824	0.833989009190939	1.27208382299877	0.0366065854313744	0.0171620115509638	-0.0800709486343399	-0.0109511965762604	0.0726857724795208	-0.0416932914249963	0.0227492522208158	0.00416975158259836	0.0103669221344222
"70"	"Chrysuronia_oenone"	"Males"	-1.33951434928825	0.908792629104751	-0.182721716125546	0.74360480707516	-0.173887187391941	0.0457390015069204	-0.129601414172365	0.0107071978745933	0.0904287359515777	-0.0335701042493213	0.00909965208850502	0.00899486512895979	0.000993565454921836
"71"	"Coeligena_bonapartei"	"Females"	2.30658189846891	-0.860030839735018	0.157155771667981	-0.33745178280387	1.01446824246447	-0.938545713885515	0.188090366943773	-0.0392466583808407	-0.0207532632367259	-0.0852064552994412	-0.0148432644240178	0.0160209599201572	0.00458021515567043
"72"	"Coeligena_bonapartei"	"Males"	3.03147260239597	-0.508880591529566	-1.0903049860605	-0.704727286842697	0.987448335061392	-0.897173705474564	0.124926055401832	0.0610733287612611	-0.00352149407508662	-0.0827864745695669	0.0371637447420758	2.50028210704301e-05	0.00083310226605326
"73"	"Coeligena_coeligena"	"Females"	2.04427816977399	-0.867241362104254	0.565551863863226	0.0985863276771242	0.767267225396835	-0.390507430709471	-0.0517234256974113	0.0784095222623887	-0.000865918902920759	-0.0833741803904942	-0.0198421045378122	0.00435343640661469	0.00134210041529066
"74"	"Coeligena_coeligena"	"Males"	2.97608868971332	-0.287823182817049	-0.518510166516088	-0.4677785919811	0.609875409291645	-0.470140982619362	-0.134838120479236	0.124935257659219	0.0220123097034108	-0.0572558209874574	0.0194624395363634	0.00196408325159513	0.00759273818702457
"75"	"Coeligena_helianthea"	"Females"	2.47002831069659	-0.702245037269825	0.883991298828953	-0.349276133406154	0.655803902150771	-0.619663540423031	-0.29772585173856	0.101495786748994	0.129509301601961	0.0503415127154176	-0.0579313290605175	0.0264338611726794	0.00966986169521173
"76"	"Coeligena_helianthea"	"Males"	3.1472985479883	-0.415054968870121	-0.471165286355065	-0.435856451510267	0.45112855450834	-0.50996648628848	-0.278996584807027	0.159859476613787	0.00780662082737293	-0.0556122336894913	-0.0240569649975954	0.00403141554256339	0.0063938901748859
"77"	"Coeligena_lutetiae"	"Females"	2.94014492892513	-0.301094312829997	0.732470399820459	-0.0829823411396714	0.511299176452345	-0.544484908200941	0.0746233777083401	-0.0245122926238819	0.0556724026267005	0.0468644354533148	-0.0413578684837005	0.0209716052131843	-0.00604396722659217
"78"	"Coeligena_lutetiae"	"Males"	3.5152411771042	-0.474675496434108	-0.00374624067731094	0.0195711068939532	0.468262200073998	-0.782098517846439	0.0258128329920309	0.000541191967543986	-0.0118585012373359	0.0166925944704597	-0.0407238460525079	0.0135030601943754	-0.000706253201595557
"79"	"Coeligena_orina"	"Females"	3.06967979071051	-0.251851550344072	1.57516481957888	0.693826009231246	0.643301671935986	-0.159741434684354	-0.0610348454372147	0.0942831639146632	0.0512046453596151	0.0220752142810814	-0.0448630673871034	0.00966788275244673	-0.0160012115933956
"80"	"Coeligena_orina"	"Males"	4.1722295769941	0.769879778330017	-1.07073866685996	-0.792535604943152	0.760395273943316	0.315974385672455	-0.128646484411523	0.314927142674313	-0.0612923193690351	-0.102453304399311	-0.00668163841436836	-0.0226401676128936	0.00854757124157166
"81"	"Coeligena_phalerata"	"Females"	2.0694550832106	-0.934960182775762	0.659780775983354	0.31784311593896	1.11025529207177	-0.519033770734354	-0.103728063773187	0.126553609175628	0.0619149022311233	-0.040167257341668	-0.0399998986432597	0.00111095162854867	-0.00750279964303817
"82"	"Coeligena_phalerata"	"Males"	2.98377694332004	-0.0783902874453063	-1.08603006564043	-0.300949753210927	0.776847710874692	-0.478154210556133	0.0493201192219637	0.0851750006641895	0.0512773104903742	-0.011066824519385	0.00452411768057459	-0.0117775367347491	0.00115637849155072
"83"	"Coeligena_prunellei"	"Females"	2.86563687661153	-0.531184610588495	-0.0434479138780633	-0.520433547328597	0.541568510431951	-0.364647054550723	-0.133304088291964	0.127196414465824	0.1025382066817	0.0205571845925951	0.0139252575550224	0.0167150748536502	-0.00312589361830285
"84"	"Coeligena_prunellei"	"Males"	3.97815546416542	0.12744636791795	-1.68001617270553	-1.24482315829883	0.418149485743313	-0.323857988030871	-0.154633474984936	0.195761861226626	-0.0491946751818785	-0.0929277843736284	0.0406722025977289	-0.00716971928284267	0.00740835353417611
"85"	"Coeligena_torquata"	"Females"	3.06644562454698	-0.514262766400813	0.577977184937353	-0.35235581142235	1.01241670311701	-0.65082525041592	0.0962820487445689	0.0530156215569633	0.0724596377633032	0.023672105725932	-0.00854835248797109	0.0300813994576841	-0.00199993157830707
"86"	"Coeligena_torquata"	"Males"	4.02689302506578	-0.0724330367473105	-0.787300941384359	-0.752668470418257	0.792446376831895	-0.826635879913491	0.193097353192264	0.0294037921506615	-0.00225790306371432	-0.000532658568289712	0.0255277610204208	0.014755002085017	0.00337653554114263
"87"	"Coeligena_wilsoni"	"Females"	2.75769647719676	-0.302383214774484	1.19150449773205	-1.10155381786796	0.466451882265828	-0.499185675356462	0.139893183371568	-0.0839737696327207	-0.0167346369730272	-0.0499525168551609	0.0302051354427082	0.0453876620058096	0.0120556130475301
"88"	"Coeligena_wilsoni"	"Males"	3.38252078443733	0.182652450595099	-0.0482531202264823	-1.37006320958108	0.463424449403087	-0.43031434073534	0.160576643173541	-0.0434780904629271	-0.0431012952371795	-0.0519386512818012	0.0155336358627895	0.03376998334887	0.0143660752382772
"89"	"Colibri_coruscans"	"Females"	1.79763555563694	-0.228342711667835	-0.681811805040213	0.320872131080316	0.0409707521729765	-0.318023351903719	0.258522350277046	-0.124547605479882	0.0834006976730547	0.0452816055240509	-0.00953364800543165	0.000795134979821727	0.00152972933497129
"90"	"Colibri_coruscans"	"Males"	3.51585785381415	0.185502926915949	-1.76383433689902	-0.0151118143456888	-0.0324673365944357	-0.528507990611563	0.343782323456259	-0.133552437732607	-0.0331410204632508	0.0389279159918977	0.00605230494101611	-0.0205885921858026	0.00381228422049033
"91"	"Colibri_cyanotus"	"Females"	-0.327945947712187	-1.39262338442879	-0.0104976912498753	0.609013092439277	0.767053635775091	-0.115193518363377	0.00671988550056797	-0.00593902401763576	0.0845572871694013	-0.0120240986905616	-0.0196323759900994	-0.00770322385219565	-0.00256856700343892
"92"	"Colibri_cyanotus"	"Males"	0.777671916988203	-0.68859535743305	-1.04913748801033	0.265180708370764	0.663547299228698	-0.226442843660677	0.0569992320346899	0.0170584982778562	0.115412917253834	-0.0226446581546933	0.0621847483677845	-0.00819034579575596	-0.00179401251231019
"93"	"Colibri_delphinae"	"Females"	1.08285532220282	0.177731721556437	-1.7935721420759	0.576110238793868	-0.226751338856407	0.0549980141436714	-0.30219925761827	0.0889910380262211	0.193753450017536	0.0439904181158066	0.0492800131938581	-0.0185652986846117	0.000521614090132526
"94"	"Colibri_delphinae"	"Males"	2.19945522186786	0.651598364724745	-2.91360908378128	-0.50264686295071	-0.284057810231076	0.0311987144675588	-0.15611389907955	0.0669044001018579	0.095778475034812	0.0151789193718292	0.0123296528831181	-0.0397124097275842	-0.0228085538012905
"95"	"Damophila_julie"	"Females"	-3.75054818889388	0.247989668103379	-0.0687913895429388	0.120807779325284	0.0615741850588373	-0.0590737735080273	-0.0863424618866257	-0.0281214565001153	-0.103166163180585	0.0284258574035784	-0.00322041286571584	0.00229910663855321	-0.00100700397173842
"96"	"Damophila_julie"	"Males"	-3.62197464562546	1.02936828981119	-0.943086670472054	-0.0464775842167438	-0.0516704179034499	-0.0479945694510877	0.0240941232741532	-0.0211533444720428	-0.106626894070436	-0.0100551202679779	0.00935099041129311	0.0335213348641756	-0.00528558798236394
"97"	"Discosura_langsdorffi"	"Females"	-4.02002571691661	0.7168520227007	0.360188945482261	-3.9806019898991	-2.18967242555425	-0.893170486822887	0.379447170619	0.0434581518199139	-0.185776280436497	0.0678322279712181	0.0444837450366424	-0.115260048194152	0.0944389795784987
"98"	"Discosura_langsdorffi"	"Males"	-5.6694678118062	0.902909527935642	1.10089689601933	-0.019768549332853	-2.09093102476149	-1.53792022329161	0.518580768659537	0.0934439750254628	0.0917584196053182	-0.024889041620586	0.0306390429893035	-0.0348750254712909	-0.0166261116775314
"99"	"Doryfera_johannae"	"Females"	-1.16657041502569	-0.843072399756015	1.9607986377974	0.0533683243579775	0.627616097015001	-0.366364138336205	-0.209401996887321	-0.066298750845535	0.0384997737511515	-0.0347957001157661	0.0785412492026767	-0.0325145595964626	-0.0174505781244999
"100"	"Doryfera_johannae"	"Males"	-0.709007020207241	-0.311817460771623	0.896571721740914	-0.0547646434968139	0.895480287523974	-0.435281376977622	-0.233874276274293	-0.0505677743704493	0.0261517471730812	-0.0664539347530985	0.0619743426669196	-0.0159966869682293	0.000253465051043163
"101"	"Doryfera_ludoviciae"	"Females"	0.611540094572165	-0.0389344040462592	1.60156491392811	-0.566721002842846	0.179990474912548	-0.722949365777934	-0.239624418928173	-0.0874749314546104	0.0254502947003241	-0.0988085285405866	0.0498600284658157	-0.0107023224064911	-0.00499086361211202
"102"	"Doryfera_ludoviciae"	"Males"	1.18722506921279	0.489247398526004	0.776440769684468	-1.12460549907826	0.231970670598113	-0.760162437948928	-0.142393106471729	-0.124136677539255	0.0412684141627079	-0.0566833005596077	0.0472954026448829	0.00115924588323975	0.00118743069811323
"103"	"Ensifera_ensifera"	"Females"	6.96936494641298	6.00088366833933	4.74800097989075	-0.21443350487477	2.87523420517085	-2.25345905356207	-0.580369265103723	-0.280990664614521	0.0932223554540563	0.12690659352392	0.0180127009851723	0.00146882702152368	-0.0243451777140764
"104"	"Ensifera_ensifera"	"Males"	7.09538260183069	5.35196022196189	2.93937352492667	-0.561981780808421	2.71569050801986	-2.11841392760077	-0.732758238882264	-0.168837650924611	-0.0768421231328286	0.0164607963134583	-0.0375530381213912	-0.03125050770264	-0.00643035962936599
"105"	"Eriocnemis_alinae"	"Females"	-2.43470203824901	-1.54765342728281	0.794921243698812	-0.280740812633662	0.488656318395134	-0.178378195131349	-0.214098220676623	-0.103962765114353	-0.0128147492900939	0.055579643221909	0.0176588212408086	-0.0441467535250563	-0.00955610079414122
"106"	"Eriocnemis_alinae"	"Males"	-2.18527716466118	-1.36892863650517	0.393693961845464	-0.332515783721267	0.435844385089323	-0.0928594330249249	-0.192432343065512	-0.0882927743445115	-0.0180146622559416	0.0341473385743	0.00573136016715943	-0.0367696973961467	-0.00877190246639713
"107"	"Eriocnemis_cupreoventris"	"Females"	0.105104405114156	-1.54244947982268	0.415205252492361	-1.1069748672658	-0.383399117616427	-0.195412036727177	-0.195719927248726	-0.0234729643667679	0.044392049761559	-0.00923102353844828	-0.0348109100344822	0.00551667537170977	0.0166439500333411
"108"	"Eriocnemis_cupreoventris"	"Males"	0.517492726656862	-1.14170862827023	-0.203555298414338	-0.958982096766302	-0.529299107088087	-0.219268039206389	-0.158316812109055	-0.0421241340071719	0.0560012604761826	-0.0170878946491457	-0.00714784762521599	0.00422553357416906	0.00656522639918629
"109"	"Eriocnemis_derbyi"	"Females"	-0.205958593407858	-1.0079204019155	0.627752241908639	-1.22863562568316	-0.375678056565977	-0.332548314465962	0.30066766868404	-0.210582820504376	0.080754679628502	0.0708003548046882	-0.0232514217748814	0.00440011186574294	0.00853465074221449
"110"	"Eriocnemis_derbyi"	"Males"	-0.0709308617943896	-0.867387901862833	0.166351142656954	-0.972110777883375	-0.369704306011356	-0.248936628678162	0.285690521863036	-0.19610245387677	0.0583846596107457	0.0351829314798229	-0.0109928928537619	0.00424029672045774	0.0103886691529484
"111"	"Eriocnemis_mosquera"	"Females"	1.26346950522481	-2.04452841837949	0.0411811440525419	0.217171012679674	0.0928927243719948	-0.299429168549818	0.469553438084604	-0.104219968184134	0.0980078707647085	0.0679044291309703	-0.0369010443958052	0.0283396005092686	-0.0108888913875626
"112"	"Eriocnemis_mosquera"	"Males"	1.74971144939092	-1.87664345091008	-0.831762196229579	-0.0822053937592969	0.108041755968808	-0.3726665904052	0.386204284172116	-0.0345094790457641	0.0430628816635238	-0.00382566925909197	0.0120868438201443	0.0223132993909508	0.00198746914154008
"113"	"Eriocnemis_vestita"	"Females"	-0.3205179156163	-2.11235686570826	0.733485634043639	-1.54887469904896	0.100557512800177	-0.294732911103552	0.0882580235180017	-0.125302560948431	0.0297881315463879	0.0257700762030441	-0.00467536181329799	0.0109666292755601	0.0206651688792505
"114"	"Eriocnemis_vestita"	"Males"	-0.194894048312301	-1.57479127186825	-0.0920345038045716	-1.47048685026957	0.132651839715364	-0.298426463826948	0.0060427359813313	-0.0951111700891169	0.0142034894753041	-0.0174792269089806	0.0166104111534489	0.00425678580920401	0.0188018555022163
"115"	"Eupetomena_macroura"	"Females"	1.75568537633902	-0.695731756782136	-0.0504139045642228	2.39523721599673	-0.209418365482339	-0.0863107840509303	-0.16838991019162	0.0485410822198246	0.021723335546932	-0.0642801077553082	0.0702837078851474	-0.0240845611252888	0.0165528738596403
"116"	"Eupetomena_macroura"	"Males"	2.89813300477659	-0.756097756408219	-0.5525796794856	2.62198268219628	-0.642153250667533	-0.240423964783077	-0.0792186049770129	-0.0266938692116281	-0.189868333846248	-0.0991542831342874	0.051509098598743	-0.0506024441573326	0.0266217517139147
"117"	"Eutoxeres_aquila"	"Females"	4.98436791436582	-0.543181856823535	2.04496464309509	0.655929138149811	-2.91822853673873	0.469852446487092	-1.19867462854028	0.0876881309243591	-0.171390705939384	0.0187233166676256	-0.0252357923006185	0.0702131637626256	-0.0204014837460989
"118"	"Eutoxeres_aquila"	"Males"	6.32023588556391	0.429013401537602	0.80327692354626	0.366529976915127	-3.37852828128063	0.172117235586939	-1.26355424006918	-0.162784333741149	-0.374309424742814	0.0573845077741035	-0.0262790676575061	0.0567624176339738	0.00398674713430086
"119"	"Florisuga_mellivora"	"Females"	1.03742365180903	2.02627350244152	-2.08847561761476	1.68961518828404	-0.0966413963866297	0.697067009886862	0.291794539131493	-0.0300415448642949	0.0894930608459688	0.0128703228068148	-0.00362718467484188	0.0106180196307144	0.0544290961028242
"120"	"Florisuga_mellivora"	"Males"	1.91658073229184	2.01754424256628	-2.62940116211295	1.34579413337536	-0.256763615116246	0.688458434003986	0.410050686330356	-0.0793546819288766	0.0889121842917711	0.0497432089050358	-0.000581529539766618	-0.0225761095359665	0.0173606674226383
"121"	"Glaucis_hirsutus"	"Females"	2.04894084217782	0.0655988390039457	2.54990093409489	-0.897137962459688	-1.1011304135245	1.63448436564078	0.270590718947485	0.12518780659372	-0.0233157815208021	-0.00882292907447565	-0.0109688353773986	0.0198974306450267	0.0142388405301573
"122"	"Glaucis_hirsutus"	"Males"	3.53331901130112	-0.00550655909272785	2.23458254806456	-1.01440462973541	-1.37527673507344	1.98520758853292	0.394708670811524	0.137759202639828	-0.059380012161508	0.01173797804014	-0.00877174209208792	0.0750262203737774	0.0350333241061302
"123"	"Goldmania_violiceps"	"Females"	-2.64733038957264	-0.884516064580074	0.843793872752435	0.767670083379779	0.346328383795727	-0.191793218151402	0.171812823061263	-0.185960273156896	-0.0317712248327424	-0.0133082688509469	-0.0278944646885743	-0.0087634179550256	0.0159158183483441
"124"	"Goldmania_violiceps"	"Males"	-1.33874461838605	0.884343101375423	-1.89018596669308	-1.66957182355234	0.434024478045098	0.143523029283224	0.0323258556349018	-0.0677556543717909	-0.180891602267318	-0.100055063549014	-0.0295316535495806	-0.0167003285979796	-0.0301140430658981
"125"	"Haplophaedia_aureliae"	"Females"	-0.818094806340258	-1.28688352755335	0.519789348836884	-0.51416113728295	0.153080207152021	-0.306554633048815	0.189139962279079	-0.176584931883686	0.0538449954373405	0.0168973969404001	0.0189639789954021	-0.00885810015072926	-0.00709604251523761
"126"	"Haplophaedia_aureliae"	"Males"	0.0434256121122103	-0.916413004681182	-0.0609351171707233	-0.221084339401795	-0.151958173572559	-0.309855781878256	0.261636265723043	-0.185636308411033	0.0257446170105574	-0.0513955811906497	0.0360902300723927	-0.00421900542411423	-0.0119528483550593
"127"	"Haplophaedia_lugens"	"Females"	-0.345363525744288	-2.00619804852948	0.850454882619877	1.12378834059104	-0.235651060799918	-0.517942133304985	0.235128720700205	-0.210651882934084	0.00729738992435519	-0.075622398732708	-0.0238087868694797	-0.00965094014020956	-0.019098954308113
"128"	"Haplophaedia_lugens"	"Males"	0.717892830453041	-0.584355398064318	-0.957429503441658	0.634682279482494	-0.425188984771782	-0.328173105663907	0.0977184073202327	-0.154388697792604	-0.141589569247452	-0.200993392989973	-0.0191921345075265	-0.0234046198478441	0.00631703182858343
"129"	"Heliangelus_amethysticollis"	"Females"	0.113707736440912	-1.52400003717986	0.112226356524786	-0.292422033850416	-0.185362488317127	0.0723969796606539	-0.252749693736219	0.067662190415169	0.126878045879616	0.0210172977382885	0.0242082346000429	-0.00378935985954302	-0.00422920730218732
"130"	"Heliangelus_amethysticollis"	"Males"	1.2157673094801	-0.541086105028881	-1.61090303765203	-1.00264744141836	-0.351172266067493	-0.00147695986560131	-0.232777016723823	0.0737420591908386	0.126727574119027	0.0117156219827462	0.0545389762135039	-0.00598058849746833	-0.00950325548318666
"131"	"Heliangelus_exortis"	"Females"	-0.756382880929213	-1.53745029741474	-0.222389505204376	-0.210757538977717	0.212544054379735	-0.084762857425114	-0.166953143357848	-0.0111019647338781	0.138651924774342	0.0501725864848392	0.045855821986325	-0.00993446601147102	-0.00709377038575222
"132"	"Heliangelus_exortis"	"Males"	0.14529780394285	-0.712060602175167	-1.70529719187772	-0.135392268436949	0.310133766558434	-0.0290301551085294	-0.0796545265493982	0.0387762884425928	0.153198496593887	0.00789554044888347	0.0570843933841637	-0.00365565479438889	-0.00719602659889052
"133"	"Heliodoxa_aurescens"	"Females"	-0.626023559777115	0.0913767041005561	0.555143577647019	1.99978433880943	-0.00614941053039631	-0.0688313327142865	0.0807376576422829	-0.0920973134614902	0.0806933783378246	-0.0427646686075628	-0.0763512560330156	0.00579123214746992	0.0345557105235173
"134"	"Heliodoxa_aurescens"	"Males"	0.297557440522865	0.587600140659977	-1.20312842566834	0.696075273872856	-0.259496311572508	0.0812993854495315	0.0250626010240415	-0.0572694014041618	0.0741408243166914	-0.0303528843599369	-0.0194552972708632	-0.00733091469375681	0.00482900533936949
"135"	"Heliodoxa_imperatrix"	"Females"	2.62274022028119	1.15960311969497	0.600326979167023	1.63200108203925	-1.40017678298954	0.128832774206607	-0.0378661221145966	-0.182053289693641	0.0651564484965221	0.158004511615639	-0.225790730613966	-0.00975126911244964	0.0188631733941663
"136"	"Heliodoxa_imperatrix"	"Males"	3.03723900046325	1.61175622971716	-1.00374221263729	1.41148319059017	-1.2093773902024	-0.0697184377472695	-0.0633279827762831	-0.232067341204475	-0.0165392502493007	0.0683359471461312	-0.0693831185924464	-0.0351443749682605	0.0126500316377633
"137"	"Heliodoxa_jacula"	"Females"	1.27300099952822	0.759684422696976	-0.279191966294249	0.720157166175642	-0.570448287872842	0.233769742223547	0.108349050050819	-0.0714772093233907	0.105326992031127	0.0286512796910094	-0.0121891205002163	-0.00369507965262771	0.00783097133286098
"138"	"Heliodoxa_jacula"	"Males"	2.30316122298567	1.13211791528332	-1.77212590296665	0.841434225930562	-0.483243962558443	0.0643676445744423	0.0477319512369012	-0.0933829391290117	0.0709100285858877	0.0324378698390625	0.0344455922803075	-0.0325485796195577	-0.00436091199122729
"139"	"Heliodoxa_leadbeateri"	"Females"	1.08380570285835	0.113262656702688	0.0618797054728158	0.902092766014391	-0.466574739279016	0.420847698668007	-0.0613322203730268	0.0320869622840033	0.0885664803859052	0.00585557569285747	-0.0368381745843093	-0.00871913175663751	0.00508532367434505
"140"	"Heliodoxa_leadbeateri"	"Males"	1.89177941400357	0.792505415695792	-1.61146206916193	0.599402845463346	-0.361635524785823	0.438520840882436	-0.137608162967801	0.0870701094268598	0.0909567596695293	-0.00160639543437696	0.0165103250892815	-0.0266570110757151	-0.00256674900306513
"141"	"Heliodoxa_rubinoides"	"Females"	1.34043131634949	0.245991015330595	-0.147802479921752	0.955686334571745	-0.542890817130899	0.0520655768315825	0.0298970952576075	-0.0789341022527568	0.0745888150641791	0.00911022563071828	-0.0239708269337265	-0.00892191286209949	0.0101059499444048
"142"	"Heliodoxa_rubinoides"	"Males"	2.20641797370142	0.647868520766529	-1.38898308518545	0.396896437885628	-0.642518357639965	0.205600620257771	-0.0339350435720363	-0.0279516211109805	0.0573004165596382	0.0285846090505718	-0.0208036797830532	-0.022238284099519	0.00274811337087633
"143"	"Heliodoxa_schreibersii"	"Females"	2.04383573456822	0.993870679621582	-0.284801698030914	0.292228661097607	-0.784795113421225	0.777451928834271	0.179828375991629	-0.0265244769525091	-0.0153696441154134	-0.0183401643528456	-0.0552745862686182	-0.0131532446452824	-0.000461323419483546
"144"	"Heliodoxa_schreibersii"	"Males"	2.87746260009605	1.68850671240263	-1.55668857818229	0.449396263817695	-0.949784013911136	0.496428184394135	0.027144255468152	-0.0810380761253649	-0.031633935779833	-0.0132077193545052	-0.00960527422095621	-0.0395159729898207	-0.0170214268335214
"145"	"Heliomaster_longirostris"	"Females"	0.404576286667176	2.29066206812298	0.360416114891417	0.139121502578824	-0.295669752284448	-0.00301391083617727	-0.0207900623363463	-0.0106358760123778	0.114304217822245	-0.0187995116127722	-0.0141657115433978	0.000743254373627468	-0.00610066657003076
"146"	"Heliomaster_longirostris"	"Males"	1.11684118436555	3.83545606828992	-0.436118950274104	0.649295410297655	-0.377947179711561	-0.355600285141653	0.0115918751752667	-0.122099308750942	0.120017400305548	-0.0733658336576398	0.0531659424354938	0.0191084662325054	-0.00561111987561973
"147"	"Heliothryx_auritus"	"Females"	0.4708591821551	0.939588316199987	-2.78222509447481	1.25467647870489	1.39988814700508	0.352553759075833	0.465157636254104	0.0237889692203337	0.20824556951285	0.0558738077597527	0.0578271507595907	0.0062691455032139	0.0203902397797258
"148"	"Heliothryx_auritus"	"Males"	0.469659914062027	2.84635201057106	-3.77744460152115	-0.148033624529436	0.624865573061898	0.642371946775376	0.281459449675164	0.019583538621371	0.0994182475090127	0.0749247909390625	-0.161171129245935	0.00171607183043085	-0.0617491349762269
"149"	"Heliothryx_barroti"	"Females"	0.332271175572425	-0.287641102958015	-1.739507688989	0.48074373355778	0.667565908612077	0.36258011798182	0.39505112103451	-0.00349222942339117	0.0803288105872818	0.0248570274339363	-0.0826042642929561	-0.00700718560758132	0.0138230737442595
"150"	"Heliothryx_barroti"	"Males"	0.444863650277424	-0.453597521534157	-1.5227434274827	0.657500443887275	0.430370449331992	0.339455360429033	0.2681793700171	0.0192818196777857	0.105968050435362	0.0177305496015975	-0.0213529288365409	-0.00731747087672971	0.0137654339158412
"151"	"Hylocharis_cyanus"	"Females"	-2.56860302662224	-0.115446074961193	0.116032505047921	0.739345892234542	0.515367365526737	0.442407592610791	-0.77929388490459	0.199367083279508	-0.0171023846363211	-0.0131041547861423	0.0374269858867458	-0.00812193707496094	0.00392288828774362
"152"	"Hylocharis_cyanus"	"Males"	-2.04666754267604	0.553264440006124	-0.718042816031984	0.247440489625774	0.108693280939508	0.637789674100652	-0.532951924419352	0.19913103063529	0.0248532869288173	0.0138802787835482	0.0109530124502369	0.00310384001726353	-0.00174439927522049
"153"	"Hylocharis_humboldtii"	"Females"	0.768409787810829	1.02212213756232	-0.908590789158872	-1.18652080773087	-0.756464983775144	0.686172022416407	-0.0837323125723138	0.073321292362113	0.0329011971715915	-0.0147559703487751	0.00108425570954321	-0.0147449997410288	-0.00546032380735076
"154"	"Hylocharis_humboldtii"	"Males"	1.51051451069475	1.53756778082861	-2.22981254079152	-2.30574307842326	-0.772233898089379	0.884989254534525	-0.0919885317346946	0.104008776025079	-0.0602223359669131	-0.0752937217032579	0.0123588732233465	-0.023781989148968	-0.0257180266207562
"155"	"Klais_guimeti"	"Females"	-3.58304299494308	0.278248905906211	-1.01333428185964	-0.0406841723815378	0.596130928142754	0.470281577619898	-0.163416240537373	-0.0132641569858484	-0.164191939968668	0.0577433008775728	0.0342659868193093	0.0229762131840008	-0.00409802628690396
"156"	"Klais_guimeti"	"Males"	-2.96976426603099	0.626308914936735	-2.35176462829463	-0.886109221821251	0.934462042190818	0.497216120833524	-0.255515572992019	0.00150171412778666	-0.128176446954279	0.0896981245323096	0.0540684005627016	0.0273927999113534	-0.0407825109115497
"157"	"Lafresnaya_lafresnayi"	"Females"	0.464832323704894	-0.6344016592753	0.676821989677684	-0.735397726855592	0.546015468503953	-0.452504359706186	-0.0956177199400842	-0.0497198055629063	0.0693407651517767	0.0289861180413255	-0.103165167208516	-0.00133181095843898	0.00705295450215324
"158"	"Lafresnaya_lafresnayi"	"Males"	1.12163105911245	0.0219141800615995	-0.371382223587752	-0.95331463784113	0.417004978869922	-0.389999598193221	-0.0643047354984875	-0.0442068617039462	0.0847358041279977	0.0322103879994595	-0.0631557785841113	0.00117270760204155	0.0081084017816192
"159"	"Lepidopyga_coeruleogularis"	"Females"	-2.22610605656518	-0.284252941634019	0.371478705796217	-1.04406725382897	0.0972975193969103	0.172407094032592	0.0690938303431899	-0.0850979244799323	-0.149125874026892	0.00280549475049155	-0.070066407155128	-0.0374890480686359	0.014757793785131
"160"	"Lepidopyga_coeruleogularis"	"Males"	-1.91346714783038	0.721949526781576	-0.954817002851591	-1.41409003389021	0.297441247482416	0.262681537798366	-0.136458412465177	0.00289716118165312	-0.200192550238211	-0.064004228903235	-0.0609676701124563	-0.0212736735626198	-0.00767181990512077
"161"	"Lepidopyga_goudoti"	"Females"	-2.32766000782503	-0.110223290326304	0.501056803545319	-0.151263738178023	0.101203527868514	0.184503137044334	0.156002817210349	-0.0861895665007664	-0.0650588183531958	-0.000221889381610468	-0.0131122746344476	-0.0173860557703517	0.00697968727100689
"162"	"Lepidopyga_goudoti"	"Males"	-1.92838083322168	0.375014933301817	-0.378829743438538	-0.590940327276884	0.0254361752108498	0.283924209519269	0.178822150557998	-0.0749593727134414	-0.0659738415704395	-0.00690042598038787	-0.00919051506881161	-0.0108712402364368	-0.00977446168624971
"163"	"Lesbia_nuna"	"Females"	-3.58024633626202	-2.57666502342477	1.1337544146337	2.10111625441089	0.147121197209461	-0.289681250619297	-0.768744608773596	0.0123486908346396	0.043131494402709	-0.0304358666752414	-0.00330179500123375	-0.0441750522274404	-0.00667784165996225
"164"	"Lesbia_nuna"	"Males"	-2.95669161985213	-2.12934944827605	0.315640407461644	2.143570115998	0.143420716874865	-0.249727829370934	-0.653761326231211	0.024899466627765	0.113415267392044	-0.016556020728713	0.00145240575211326	-0.0126477052107475	0.0228123102586728
"165"	"Lesbia_victoriae"	"Females"	-1.12700215331137	-1.49451871135029	0.321183109267906	-0.659069103053017	-0.62049618209373	-0.356400167985212	-0.334645759609883	-0.0397093835272526	0.120362944015469	0.0455901471548085	-0.0089207023814084	-0.0237234032160654	-0.00138551578872339
"166"	"Lesbia_victoriae"	"Males"	-0.522270046759693	-0.789413532934953	-0.840469182131001	-0.451104194559548	-0.580439913503293	-0.443014531760611	-0.447445824424869	-0.0103912372756165	0.113439669772876	-0.031019216251613	-0.0246533192968397	-0.013575299840079	-6.35731716313129e-05
"167"	"Leucippus_chlorocercus"	"Females"	-0.635934082900634	-0.0239545211173512	-0.296054687725373	-0.893313130442217	-0.319636649668368	0.490088228284684	0.355051211289197	-0.0982630088417575	-0.0832024706263775	-0.0707787141272794	-0.00860703916916696	-0.0154494141892921	0.000542498877641942
"168"	"Leucippus_chlorocercus"	"Males"	-0.103023180318733	0.189667124281338	-0.74245980866042	-0.975876908620743	-0.397042843101092	0.719514531294608	0.23320057514728	-0.0252363167233094	-0.0500699423619889	-0.0678629285270219	0.0435271741496129	-0.0114447965162981	-0.000448392392857059
"169"	"Leucippus_fallax"	"Females"	-0.223895742387972	0.624032861736104	-0.57844813198541	-0.140862212460339	0.186316315603014	0.301079107388972	0.113366577336106	-0.0381939544782955	-0.0326910326850232	-0.0951968136733746	0.0160055769400418	-0.0104791724326589	-0.00314985299217821
"170"	"Leucippus_fallax"	"Males"	0.0384603867516832	1.63104607909498	-1.65737702003944	-0.167020328322055	0.0218367683227448	0.644682733478657	0.0377175892165805	0.0541370513369543	-0.00878637373099987	-0.0674398757157204	-0.0445684949694771	-0.00630955812400075	-0.0197700088601189
"171"	"Metallura_iracunda"	"Females"	-1.63633098935414	-4.06306169217297	1.216089091255	0.407896240952336	0.411492086167669	0.0868281285917417	0.0507471677048721	-0.0626984745689863	0.000191845100454363	-0.0288700879432625	-0.0134657950538388	-0.0291932480439994	-0.0604737617840477
"172"	"Metallura_iracunda"	"Males"	-0.685300771802917	-3.54749985194473	0.132557020220235	0.00664407360625565	0.308148467966449	-0.0618274043604378	-0.036670310515703	0.0373625841225327	0.0553832762330209	-0.0286130425440762	-0.0193005950204614	0.00152421854878102	-0.0187111074099131
"173"	"Metallura_tyrianthina"	"Females"	-2.20184968835403	-3.30964785045335	0.671233315344629	-0.775375319163279	0.257350150146621	0.040492079202751	0.0711546159600988	-0.173697939894811	-0.0831864146961009	0.0104041167245418	-0.00732818930258226	-0.0394919126394752	-0.00680450943680594
"174"	"Metallura_tyrianthina"	"Males"	-1.49048005127545	-2.79487458906023	-0.656400814328798	-1.25977369978004	0.473449112555113	-0.0528950214320296	0.0590916469195764	-0.1029536027052	0.0128472543790024	0.0389714740469742	0.0261542995546234	-0.00829322648488529	0.0132918613865741
"175"	"Metallura_williami"	"Females"	-0.947067472497488	-4.05876031494495	0.990447404873907	-0.44456130760288	-0.0103685534630313	-0.0549958638316583	0.213944590666913	-0.0974511838762518	0.0343618647873168	-0.0183726726091985	0.0369920499898379	0.00860282528924148	-0.0373569023529413
"176"	"Metallura_williami"	"Males"	-0.400221372093666	-3.79666939326692	0.314108262732249	-0.764188999079201	-0.0048469264556718	0.128014321369634	0.144834300136891	0.0079377274519736	0.00922257227611933	-0.0557039268050748	0.0289377606857675	0.0244861436933122	-0.00991934080226462
"177"	"Ocreatus_underwoodii"	"Females"	-4.49445261585934	1.00523405397577	-1.0293040796389	0.49702817429415	0.328447733257157	-0.432192946384155	-0.245416241875536	0.00208359648441536	-0.0883192308430533	0.0415222475744632	0.021223456911278	0.0748558337855108	0.00169512448970379
"178"	"Ocreatus_underwoodii"	"Males"	-4.31761809887705	2.00883486129553	-2.54376116774186	-1.24055886137554	0.541015860692621	-0.166230964533931	-0.272295231334228	0.0433669617359644	-0.259858104683675	0.0837505077144479	0.0150961552185591	0.0683078696758559	-0.0742248738834505
"179"	"Opisthoprora_euryptera"	"Females"	0.842471253774929	-3.12390755516774	1.25307751364269	0.019444150433203	-1.80123250884254	0.0033877877687532	-0.473786742553605	0.0520168078755932	0.120219698980751	0.00155440216784745	0.0632854650283862	0.0326579027973364	-0.0496077216817858
"180"	"Opisthoprora_euryptera"	"Males"	1.76509318634875	-2.61346784891152	0.00276845217860575	-1.59882185696816	-1.97985545170059	-0.172821979686845	-0.697016770425878	0.103336076944111	0.145343636997613	0.0458446634958596	0.0610316818635369	0.0869851766140903	0.0381952157946439
"181"	"Oxypogon_guerinii"	"Females"	-0.475509662141918	-4.0447405062185	0.476589892569689	0.736243885075718	-0.110424495677436	-0.671679403160869	0.0480996918191273	-0.0523639365990042	0.137907536673731	0.0415950133316974	-0.0794515273339303	0.0120477537711159	-0.0504552578620378
"182"	"Oxypogon_guerinii"	"Males"	0.562785674399936	-3.40645707862587	-0.875996464615353	0.215707107925525	-0.302517528524137	-0.636901979977543	0.0694297514114548	0.00940388690910654	0.123685907012699	0.0296177148244455	-0.0373872694210563	0.0250728937347448	-0.0170504223352134
"183"	"Phaethornis_anthophilus"	"Females"	0.368357262439026	-0.270993725878355	1.95789313960846	-1.2836671575533	0.342997654824181	0.544489927941684	0.211662873852713	-0.0142106205629655	-0.0210082453621412	0.0141665766828569	0.00245077382801306	-0.00776654981049455	0.02291352564416
"184"	"Phaethornis_anthophilus"	"Males"	1.28952860830052	0.536109229514548	1.19380667194377	-1.43782729911345	0.661855457562736	0.426588076832386	0.247964428397791	-0.0163614326790994	-0.0733113208540118	-0.0656111948716269	0.0126225331958022	0.0052968796899455	0.0229203806175401
"185"	"Phaethornis_atrimentalis"	"Females"	-3.29847015520354	1.82412656135905	0.537522485454644	-0.976182188703686	0.361103744383975	0.0312960652128859	0.126011906296182	0.0443640641590521	-0.212903023513207	0.0363907855954731	0.00644273668616993	-0.00596758994736434	-0.0183917480510193
"186"	"Phaethornis_atrimentalis"	"Males"	-3.58268792877301	2.31851206532902	0.339965984180194	-1.22103154877248	0.231942710910055	0.0753881038672384	0.201955710616585	0.100986015657198	-0.201101678702535	0.10821048122323	0.0213831864661527	0.00656619424887754	-0.0295814008145927
"187"	"Phaethornis_augusti"	"Females"	0.44832899646153	0.0814723626791246	1.33044808073206	0.21473209391006	0.995021089221083	0.628276508588578	-0.0802512144889787	0.132644222665608	0.0543051087845937	0.00810935364147709	-0.0366013422122854	-0.0156079318503345	-0.00336642333479281
"188"	"Phaethornis_augusti"	"Males"	1.20902967226019	0.312864325946913	1.36146601210429	-0.223578488534947	0.805220348018307	0.814449185844358	-0.0583645292101632	0.172230911776286	0.0755536248110739	0.0140066735368693	0.0155545638156116	-0.00519802569740875	-0.000240655280300279
"189"	"Phaethornis_bourcieri"	"Females"	-0.322570060676877	-0.680520098397551	1.792358791654	0.0418430464925424	0.695144404309098	0.540563694677669	-0.265263906809144	0.118823958379726	0.018867238958235	0.00109716977736123	-0.0335185877147468	-0.0297665992443685	-0.00858443695744884
"190"	"Phaethornis_bourcieri"	"Males"	0.419116655667967	0.0198600330285436	0.877137579870809	-0.418810534013403	0.933529494861535	0.520091551898733	-0.264964072148121	0.15477941586435	-0.0306582156480116	-0.0543016027730902	-0.0597565799926659	-0.0182989265654941	0.0108497701660125
"191"	"Phaethornis_griseogularis"	"Females"	-4.49723961297133	0.939395730282141	1.89761754624448	0.429301241158449	-0.0579891464893654	-0.0775834944641383	-0.154480646398099	0.177630611903584	-0.115129301462305	0.109749692977291	0.0274105490430495	-0.0234154573207225	-0.00103759190420103
"192"	"Phaethornis_griseogularis"	"Males"	-5.03501359703885	0.987019673431972	2.24985361799127	0.656238443819808	-0.280068648099883	-0.326383357775094	0.0140870633363209	0.182955249822172	-0.12688456980812	0.0896931155928981	0.0212031035689319	-0.0249132854058793	0.00425340509687224
"193"	"Phaethornis_guy"	"Females"	0.809039430857614	1.35298876652346	1.68265712985654	0.367796307292347	1.00453984874341	0.0723243365295446	0.0742458622273492	-0.00953335868665731	0.0791741769553529	-0.0200538583105939	0.0344408126471101	-0.00125101399856108	-0.00284395629981476
"194"	"Phaethornis_guy"	"Males"	1.40288881871179	1.57416940359637	1.55557559847056	0.256706513851939	1.17415814370577	0.0360504909644307	0.185874937648182	-0.0391180018251537	0.0759022512215997	-0.0134544254551115	0.035147830407232	0.000846229704079302	-0.00349547113891922
"195"	"Phaethornis_hispidus"	"Females"	0.622016787749571	-0.715036663186037	2.73735090190362	-0.346971101552583	0.0113373123654262	0.493908143167484	0.123282639786431	0.00278533616436832	-0.0353634395424484	-0.0674611150797138	-0.00891682698966725	-0.0140608899499918	-0.0179347841390289
"196"	"Phaethornis_hispidus"	"Males"	1.51900232958308	-0.373297895415467	2.04561105229973	-0.435265926110795	0.349905739762014	0.567506651777336	0.190500776908292	0.0347653138856329	-0.0185748972186722	-0.0516266247096992	0.00696441481288116	0.00544276331867328	-0.00939640574292533
"197"	"Phaethornis_longirostris"	"Females"	2.1726406219654	1.01877289636346	2.20658901144025	-0.0627323471483095	0.624455264228616	0.429933420524195	0.397848825513955	-0.0452178872021528	0.0528434154312535	0.0205777833934848	4.57631515730882e-05	0.00957937153555441	-0.00942999261394986
"198"	"Phaethornis_longirostris"	"Males"	2.89239667601482	1.34283793534256	1.87012745518429	-0.347735035467544	0.709644311067742	0.386763380624203	0.344310071178472	-0.0288601656657689	0.0200782347194568	0.00148863994374027	0.00986102075649022	0.0134918081588714	-0.00231638761246111
"199"	"Phaethornis_malaris"	"Females"	1.44795504705408	0.576500482936321	2.73295598854263	0.664118973466207	0.189972011897507	0.35547267623994	0.134639710732837	-0.016025495004534	0.0528047139002851	-0.0158720527567515	-0.0152607796214932	-0.00534750189784216	-0.0147299089616889
"200"	"Phaethornis_malaris"	"Males"	2.26016657863524	0.928762407130094	2.51142162107547	0.459649828910237	0.462091951686795	0.302689860651333	0.210031423639717	-0.0222079208278307	0.0507674393601406	-0.00198428608098677	-0.00214256820409911	0.00460296583902495	-0.00990879325496107
"201"	"Phaethornis_philippii"	"Females"	0.483568903391006	0.447270682362231	0.954852496809879	-0.932097008743444	0.833405182607425	0.648630295122434	0.0974230346432052	0.0571335940021641	-0.0703552858278436	-0.0149890216289613	-0.117640875675852	-0.0130979964644629	0.0145872882485247
"202"	"Phaethornis_philippii"	"Males"	1.64695328678662	0.504022898482063	0.750816492336123	-1.47819199653015	0.830680245819904	0.496706043729878	0.0345484569316137	0.0992248123046846	-0.107838871093071	-0.116553133610778	-0.0380561594131314	-0.00250807812972953	0.0173555554546516
"203"	"Phaethornis_ruber"	"Females"	-5.2350438696361	0.510280603299009	2.89635718349075	1.05757361295245	-0.664046511576419	-0.51692714117847	0.195069413701505	0.152905483263311	-0.015595616389144	0.108167404330871	0.0213306092597086	-0.0511965253762983	-0.00269174362720219
"204"	"Phaethornis_ruber"	"Males"	-5.99743305229754	1.55971414582539	2.96339890741566	1.04107678211666	-1.32952841293345	-0.906849069650154	0.539140975245286	0.327946387875574	-0.00173413711953518	0.0593136573956805	-0.0175830910625515	-0.0255059096605924	0.00200460599334076
"205"	"Phaethornis_striigularis"	"Females"	-3.9825789087788	0.88743764838486	1.45221200494185	0.261154200309845	0.209793582242779	-0.0463714126969791	0.11142552896744	0.0284252393921867	-0.11855241742725	0.0841776905768014	0.0156736317958529	-0.0103638878013276	-0.0085515873338346
"206"	"Phaethornis_striigularis"	"Males"	-4.25517786847024	1.44638357852254	1.1800814879925	-0.275494023234782	-0.031827069835996	-0.0931589417740077	0.226054058342629	0.0820270619623141	-0.160744236362056	0.0970396620402358	0.0245445724031378	-0.00629837344861173	-0.00678725074502115
"207"	"Phaethornis_syrmatophorus"	"Females"	1.97338783823784	0.729282531406706	1.97225630748846	-1.42313122122639	0.374275925383831	0.280977582318364	0.106761066087914	0.00251878069737225	0.0104085243866728	0.0027547699000743	-0.0273422137665394	0.0152279055076751	0.0194688207903056
"208"	"Phaethornis_syrmatophorus"	"Males"	2.72888739478182	1.33278047413396	1.33649593320572	-2.18956427464985	0.611095386026565	0.134475026662783	0.0241595620624811	0.0275707413095292	-0.0133630855457391	-0.0151151351397701	-0.0278496807447661	0.0262401901579466	0.0376636626274547
"209"	"Phaethornis_yaruqui"	"Females"	1.41686205285655	1.76122218125584	1.70168938466859	-0.131101163881265	0.697295473790781	0.31240692184554	0.197067290036838	-0.0166459970538164	0.0342547288379308	-0.0377424200176085	0.0303751719671652	-0.00562995524477607	-0.0105502133679864
"210"	"Phaethornis_yaruqui"	"Males"	2.242854487501	2.05000954103588	1.37241158822775	-0.401991956301529	1.05141791769472	0.243098006012482	0.140504794032318	0.018159560416498	-0.00074102306508611	-0.0553937263344572	-0.00435308053057102	-0.00279695283028243	0.00252059884915232
"211"	"Polytmus_guainumbi"	"Females"	-0.668313922851339	0.299256233206323	-0.247812684091745	-0.24234306353471	0.50676560831421	0.59855068633148	0.0503060246846538	0.0248796863819754	-0.0330149004900083	-0.0311782685711398	-0.025119311461856	-0.012130344154021	-0.00610215940590465
"212"	"Polytmus_guainumbi"	"Males"	0.0394365088373433	0.237161154261763	-0.315314223561564	-0.427026064737848	0.296349918856619	0.506077985497555	0.0668700994633387	0.0317076018223288	0.0912677724034897	0.0386300567253802	0.0325064737398107	-0.00408184509928699	-0.00338339393842069
"213"	"Polytmus_theresiae"	"Females"	-1.58289173471281	-1.17233966956324	0.312721945838926	0.655160473813974	1.03653753881242	0.474368991133172	-0.622989510977802	0.165960460007437	0.0867220253119444	0.0407034658816587	0.068866284928911	-0.0184181167848285	0.0018688623687531
"214"	"Polytmus_theresiae"	"Males"	-0.841822928727621	-0.497693529710884	-0.774509807067906	-0.101051733337422	1.06101866525917	0.926415997579776	-0.247223602171506	0.16759777403978	-0.0431938628583003	-0.0399589792350394	0.00218115403998	-0.014281158052037	0.00590968214889647
"215"	"Pterophanes_cyanopterus"	"Females"	7.20190850982974	-2.06251160574917	-0.945071835642325	0.915554186761336	0.619154620254292	-1.57471536725481	0.368120092917434	0.583259979401333	-0.337885287369017	0.115441233257406	-0.0297178979577377	0.0332354248143777	0.00855900970235811
"216"	"Pterophanes_cyanopterus"	"Males"	8.43353704224424	-1.88705876127137	-2.20158289674661	1.24404100257167	0.744522257963345	-1.57164410231445	0.640451286102455	0.894570738062185	-0.329926574577659	0.260259646091683	0.0306539355073183	-0.039200255528838	0.0199742959079548
"217"	"Ramphomicron_microrhynchum"	"Females"	-3.29060889054664	-1.04646408299363	-0.523468679068149	-1.13694557757434	-0.62008059051397	0.110165785286968	-0.276863801314307	-0.016238953872044	-0.0741940251183271	0.109888207635326	-0.0615244272680205	-0.0469635305459142	0.0114246098483764
"218"	"Ramphomicron_microrhynchum"	"Males"	-2.88930715839931	-0.785138783547294	-1.11611512977345	-0.8742958446296	-0.706297891085634	-0.0789943277810785	-0.239653978082415	-0.0435806185860068	0.0259138324773153	0.0892749321510647	-0.0135892703673702	-0.0252446273350559	0.00338306151123107
"219"	"Schistes_geoffroyii"	"Females"	-2.62879581280998	0.198875557874777	-0.769906413753571	0.0746663965782806	0.200704329652253	0.475877056904601	-0.275420936886861	0.0753900515548782	0.00803642486075717	0.0739997397917022	0.00938196596786994	0.00683200091013204	-0.00439128380396258
"220"	"Schistes_geoffroyii"	"Males"	-1.71941753299875	0.514749240114236	-1.84392707362077	-1.10007649032869	0.331372254552567	0.845010622911568	-0.143423544106693	0.0847572061100291	-0.0360615865318831	0.0755812073021661	0.0177852552276546	0.00166821736820193	-0.00919047568951735
"221"	"Thalurania_colombica"	"Females"	-1.8804138444229	0.604154142451294	-0.583330076269877	-0.407916041969565	0.381650824612247	0.00830772100108448	-0.157031479461497	-0.0102684448560485	-0.0582348262243931	-0.0345168735092875	-0.0337361508807437	-0.00459874499128105	-0.00665237239631657
"222"	"Thalurania_colombica"	"Males"	-1.39514147304406	1.25749691559853	-1.48681853102607	-0.522021098710802	0.140175201015846	-0.0158342700842758	-0.109612288996295	-0.0117609309330688	-0.00630361223787851	-0.047826496356374	-0.00242897093022534	0.00311124158140707	-0.0268335981893017
"223"	"Thalurania_furcata"	"Females"	-1.78170224247042	0.684537220003963	-0.0968833476791315	0.467721211536629	0.290051512900684	0.0280237497057691	-0.164599031030191	0.00975099657591422	0.00997398142379119	-0.0398399357680646	-0.0272579087320302	0.00636591909519532	0.00421089143683048
"224"	"Thalurania_furcata"	"Males"	-0.931854311927327	1.16589910556859	-1.17295470476814	0.197651258918945	0.365284172690737	0.0649439738213322	-0.211279829575752	0.0366057444996749	0.0340162703436217	-0.0566277253337603	-0.015597572508412	0.00832273506397074	0.000855897800199327
"225"	"Threnetes_leucurus"	"Females"	1.12176182635485	0.474100261102941	1.77572262051088	0.0233577805014914	-0.488550187805316	1.19508115846461	-0.30149718976637	0.252542618301352	0.0747764301921632	0.00427337545830748	-0.0313284587372521	-0.0173999683751164	-0.000370844479234973
"226"	"Threnetes_leucurus"	"Males"	2.01423954434559	1.182792697302	0.72650173626881	-0.250274710933136	-0.488355684499376	1.33179736111588	-0.155469244871921	0.232629226806263	0.0875271568497374	0.0234728647057941	0.00606557019929091	-0.00698998358557246	0.000562019396593197
"227"	"Threnetes_ruckeri"	"Females"	1.44564848120547	0.255621038172066	2.56428491403595	-0.137091541488686	-1.16238771399416	1.1688083429088	-0.0636126514552286	0.14945865577112	0.0965496925256135	0.023577987166006	0.0227092009742187	-0.00789854633090088	-0.0131110699926983
"228"	"Threnetes_ruckeri"	"Males"	1.97689864853604	0.534873199515935	1.96989164061995	-0.131857095636926	-1.05179920286081	1.22409077762482	-0.0287149759348678	0.141683900411579	0.082972118211888	0.0228634984445759	0.0246995330695938	-0.000696917770655382	-0.0086457037634803
"229"	"Urochroa_bougueri"	"Females"	4.8007643110128	1.53626981231373	-0.0408418301051053	-0.762457882158054	-1.79833934388307	-1.01138289585801	-0.737912255979699	-0.339623190482827	-0.141793899559652	-0.00181195128538059	0.0881781268157469	0.00961528967766324	-0.00447860022264771
"230"	"Urochroa_bougueri"	"Males"	5.51672763002068	1.85131932450117	-0.382565226782964	-0.645468461458239	-2.57530098525738	-0.365320188535701	-0.161378590147789	-0.559965252698371	-0.204431685109106	0.132568109788246	0.0631756155557044	0.0241719666037987	-0.000417102764319157
"231"	"Urosticte_benjamini"	"Females"	-2.86472385274191	0.636090270501698	0.229363626535948	0.69835509971389	0.195419872638	-0.0345323831793952	0.216289051735258	-0.0953848889282148	-0.0575382157916274	-0.0373086390272525	-0.0444834459486729	0.019091077274891	0.0144039279649711
"232"	"Urosticte_benjamini"	"Males"	-2.13346406459224	1.68247065238345	-1.38046937760892	0.660802353131707	0.575669625845658	0.129002435626425	0.174610084818592	-0.072049545903796	-0.114467380359853	-0.13534005252904	-0.0433441082244576	0.0489321632615191	0.00973254512674611
"233"	"Urosticte_ruficrissa"	"Females"	-1.48768491562957	-0.199136494668696	0.086591901585188	-0.263317791707043	0.214152945027681	-0.139807361070343	0.224981521786151	-0.159205051828033	0.0857763715315824	0.0679259494962569	0.0342864123697964	-0.00579479899974843	-0.00554707002547499
"234"	"Urosticte_ruficrissa"	"Males"	-0.953421987026368	-0.255422205585418	-0.277086371590977	-0.244140338972705	0.0261773507038583	-0.112297208826368	0.20654806869426	-0.14224458006112	0.123176772395947	0.0800224036517448	0.00484505021437904	-0.00171525107333946	-0.00129914345917853
