"Species"	"Sex"	"PC1"	"PC2"	"PC3"	"PC4"	"PC5"	"PC6"	"PC7"	"PC8"	"PC9"	"PC10"	"PC11"	"PC12"	"PC13"	"PC14"
"1"	"Adelomyia_melanogenys"	"Females"	-1.61722919289826	-2.3775523321356	-0.920907106810226	1.42373635807785	0.157138761705064	-0.0102414824493963	-0.107762810031569	0.102750342250836	-0.133734220437771	-0.0529748402926193	-0.0312334382172029	-0.00808629210509361	0.0288431570649396	0.0186114359306833
"2"	"Adelomyia_melanogenys"	"Males"	-0.723364767743314	-2.0915866200875	-0.200852890052252	1.7858545994151	0.00298567691195772	-0.19770925778796	-0.201771026723164	0.150854043139213	-0.09803400892157	-0.0181936587195273	-0.0220769196198313	0.00821351065000436	-0.00166144221280705	0.0325951225853111
"3"	"Aglaeactis_cupripennis"	"Females"	3.32979217374272	-1.91781546300943	1.3739284636997	0.334950317702304	0.448325070055699	-0.0173949102758435	0.935561941697665	0.48351268626077	-0.0309791558839374	-0.114243034512827	0.0525852151354636	0.0256169762779253	-0.0337780600111183	-0.0036665764871812
"4"	"Aglaeactis_cupripennis"	"Males"	4.0162610311333	-1.35708615477607	2.84845341789032	0.589109982151169	0.270747634830987	0.139258789479142	1.31655023633608	0.553842992457814	-0.0386542837821486	-0.125720605457638	0.0209024365916394	0.0425061490419043	0.0120426957663017	-0.00364953465213463
"5"	"Aglaiocercus_coelestis"	"Females"	-0.504346339348808	-1.38874035880337	-0.00141004333235732	0.423530944158498	0.106603821296855	-0.184152115632443	-0.115937325608477	-0.202394556487832	0.0207887116768148	0.00848599578986784	0.0561199617831364	-0.0212512197657287	0.0185763899311697	-0.00060378279392444
"6"	"Aglaiocercus_coelestis"	"Males"	2.2346479471241	-1.12958550665652	1.86298280796572	-0.305327967978836	-4.38939105917947	-1.43816595866977	-0.470810928901119	0.12316967374363	-0.0133713619883826	0.0269557602028585	-0.00704090326721981	0.0479408764944276	-0.0071901174749754	0.00732985044264165
"7"	"Aglaiocercus_kingii"	"Females"	-1.03208871330878	-0.769603664905156	0.342214155901557	0.00938662575619211	-0.0249004906289169	-0.184225373618077	-0.00186892670001042	-0.00698863091688745	-0.0765087337689638	0.0275377855349341	0.0282628300662617	-0.0188642015184669	0.00105651327718421	0.0102969584239824
"8"	"Aglaiocercus_kingii"	"Males"	1.01701311643502	-0.809048166985287	2.09938667518166	-1.13520567019267	-4.24672221682186	-0.887494927302537	-0.00996152767157582	-0.0193001090639624	-0.0632050059742036	0.110182313822913	-0.0320506399560391	0.0347198935835451	0.00337860803643246	-0.00193478877087319
"9"	"Amazilia_amabilis"	"Females"	-2.1447445306324	-0.204583447773042	-0.235482535422691	-0.250126690589679	0.436832778865781	0.745192083588383	-0.257148044294936	0.0270911459745095	-0.04142356327412	-0.035512267645948	0.00811097231011815	-0.0224023348490437	0.00752318984015943	0.0024910114590466
"10"	"Amazilia_amabilis"	"Males"	-1.54734946466938	0.366989874496513	0.762764762908751	0.234890088443468	0.31204786572529	0.535089340838228	-0.2905198301561	-0.0113252914877392	-0.00380115185762735	-0.0136981747773809	0.0233971144497784	-0.00862877606768209	0.0026081211218932	-0.00312553652956622
"11"	"Amazilia_castaneiventris"	"Females"	-1.5569790312519	0.622050801092223	0.116949670773939	0.602286160505234	0.392240663425725	-0.215953802640992	-0.0995951137347406	-0.299381915957427	0.07437577012015	0.0663470735109203	-0.0197148241951305	-0.00295507379176814	0.0182916157135583	-0.00370181319354503
"12"	"Amazilia_castaneiventris"	"Males"	-1.13974181553219	0.76870491757522	0.754292309100396	0.0407846589310903	0.525859208602335	-0.101763032997036	-0.215387434228606	-0.460532606588514	0.120855531159799	-0.0524846251110011	0.171309297805767	0.00871945309099656	0.01952221861683	-0.00540991912878685
"13"	"Amazilia_cyanifrons"	"Females"	-1.73422024739182	0.756565429520674	0.383385975779281	0.0183133509825264	0.398979002137597	-0.158395756213379	0.134365893045171	0.116747269324395	-0.085760372172789	0.0641259026939934	-0.00281795088315584	-0.0300625170654415	-0.00482234191961132	-0.00477662318770434
"14"	"Amazilia_cyanifrons"	"Males"	-1.52313143308486	0.979839130157537	0.868661093517264	0.160386114694237	0.414853323452593	-0.398558007203943	0.173307386005898	0.243952005571815	-0.133507710279263	0.0861640875407798	0.000442636798626174	0.00830039219824502	-0.00800812525109702	-0.0138157364368839
"15"	"Amazilia_fimbriata"	"Females"	-1.075444107347	0.250494102646246	-0.577006330699857	0.171611868550186	0.624853913212375	-0.147972854252399	-0.218648702198355	0.0521987405919427	-0.0274290043698154	0.00475144932116803	0.053981374028949	-0.00520786017871429	0.0195004129150903	-0.00559308050888067
"16"	"Amazilia_fimbriata"	"Males"	-0.524437617948849	0.647772853532757	0.32101483225065	0.748148084889807	0.498821127590687	-0.321938627726899	-0.168005191793386	-0.0316776349719356	-0.013957714894373	-0.00113272099703416	0.0678168824943066	-0.00566548949998355	0.0146041928235629	-0.00118589485042442
"17"	"Amazilia_franciae"	"Females"	-1.07467983162776	1.05054134954054	-0.558045056018039	0.167475241434229	0.377282779487678	-0.177101960602325	-0.152308570549338	0.194958190291427	-0.043968419641531	0.0733111758765314	-0.0105841083856818	0.00109952577366308	0.00551373981681774	-0.00459444111058464
"18"	"Amazilia_franciae"	"Males"	-0.587644410462941	1.43376928201438	0.142998979375093	0.431976031711803	0.316433187929972	-0.563933940311432	-0.211956414468729	0.225818792138661	-0.0567015877165919	0.0972454088601291	-0.0204132582185286	0.00861350753164165	0.0021198789550624	-0.0148650356417517
"19"	"Amazilia_saucerottei"	"Females"	-2.44990364026241	0.26551471429119	-0.221192242251829	-0.97576687023438	0.609899082774047	0.0497533927789348	0.345652830019457	0.0064166793816526	-0.097975041579541	0.0367649435872202	0.0687653088571029	-0.00943124180117178	-0.0151604214964111	0.0177579501343348
"20"	"Amazilia_saucerottei"	"Males"	-2.13777385517827	0.767636644037754	0.735192719975227	-0.782219240988199	0.478695269386381	-0.019399879937154	0.344890158324112	-0.0365440112242256	-0.0909017492108271	0.0208922630409741	0.106855003945289	0.0109247434876645	-0.029587769774458	0.0265569715949551
"21"	"Amazilia_tzacatl"	"Females"	-1.04132513194919	0.237546360436991	-0.449873402001024	0.0945783643252454	0.480218324342908	-0.186435237934377	-0.287695968939623	-0.0670673573705171	0.0222191604517991	0.0556810488664876	0.0213166829573837	0.0201543220689207	0.0176717675573728	-0.00863754327620994
"22"	"Amazilia_tzacatl"	"Males"	-0.512953910032007	0.462580881083694	0.17528472145044	0.349000168153896	0.448091071456406	-0.385095815447106	-0.36218430556501	-0.21202276214415	0.0744004307603474	0.0687170809784831	0.0350608505481956	0.0401098938577182	0.0170400703377872	-0.00571284497708369
"23"	"Amazilia_versicolor"	"Females"	-2.72091611434777	-0.286224947631411	0.123374778133968	0.177506891831284	0.356033613305353	0.519940971089422	-0.180099124401738	-0.443463149699709	0.0562046433645781	-0.0548609570564386	-0.0113656896467045	0.00387730105651736	0.0205496870361184	-0.00250301425413598
"24"	"Amazilia_versicolor"	"Males"	-2.37125856950107	0.200846131716265	0.64151547450238	0.36179368820501	0.290392258351787	0.143624916261807	-0.089335140705943	-0.268582441088244	0.0271494148023877	-0.00101075609523792	-0.0131744136237154	-0.00361017155288794	0.0100417084806493	-0.0112194006980171
"25"	"Amazilia_viridigaster"	"Females"	-2.16366062383476	0.181312624280555	-0.0877052907096195	-0.473824939149128	0.454944982024031	0.338584014812328	0.140490757611571	-0.100630035983626	-0.0432150410982741	0.0312440650883442	0.0294541185548855	-0.00219284083190859	-9.92670055850969e-05	0.00655980117619177
"26"	"Amazilia_viridigaster"	"Males"	-1.89620703868837	0.581822846911191	0.573097571261198	-0.64099546614682	0.449550139775058	0.212277798241434	0.124379196106801	-0.236588084742611	0.00687142802872035	0.0581498604094812	0.0500502854583179	-0.00626561954391566	-0.0118244646872496	0.010606688684159
"27"	"Androdon_aequatorialis"	"Females"	3.38067554697168	0.843873257705183	-2.18321527684254	0.253193771129637	0.580907456553719	-0.00468728786026292	-1.32657123223019	0.766889637967625	-0.0342849577680319	-0.0138898131205562	-0.0393634258371548	0.04453053669727	-0.0374919743712356	-0.00693488191433145
"28"	"Androdon_aequatorialis"	"Males"	3.93040377901381	0.694648532930104	-1.58873945073366	0.312331976314547	0.73548949942914	-0.543139528050605	-1.76284903306348	0.665411022412858	0.0576628513874832	0.030816202173897	-0.0772169223658255	0.123331468385188	-0.0463796383226327	-0.00968767037502841
"29"	"Anthocephala_floriceps"	"Females"	-3.54773048261351	-0.720282697843582	0.72349183878902	-0.468263880003469	0.128627847160857	1.68190080113919	-0.0710181806154182	-0.154941754997291	-0.148787243138435	-0.173070352487483	-0.00774009140208675	0.0315208784416067	-0.0185460978564312	0.00982587169102685
"30"	"Anthocephala_floriceps"	"Males"	-3.03845707584883	-0.797989240086451	1.11478015482991	-0.414253734891943	-0.0393312122925829	1.66852750983576	-0.164562363977216	-0.130249586687954	-0.110103682222859	-0.120418272264218	-0.00354076688685111	0.0288814125642168	-0.0232333500447458	0.0206714942860715
"31"	"Anthracothorax_nigricollis"	"Females"	1.11121806111208	1.7487108581684	1.07475773275865	-1.48733320505506	0.778369354043691	0.105270740852789	0.132725338963309	-0.0306398205358895	-0.0919727228566317	0.130737426006893	-0.0104521046851768	0.000884466623201685	0.0017151514560104	0.0367163245463663
"32"	"Anthracothorax_nigricollis"	"Males"	1.72014740884334	1.89499452581948	1.5750405340065	-1.24052799736758	0.692510893543078	-0.142125247691182	0.0177191554497115	-0.0324571136844083	-0.0936516755743876	0.0794194986779053	0.0125172675610455	0.0238031407302822	0.022735054380946	0.011793748248514
"33"	"Boissonneaua_flavescens"	"Females"	2.24844347985411	-0.95941834376408	0.985662407953517	-0.660677653678225	0.768204935058482	-0.557077507130526	0.188164037604611	-0.0605891328563931	-0.000617469445487884	0.10245887593062	-0.0585620928584938	0.052928215010521	0.00277916500732047	-0.00609943391544771
"34"	"Boissonneaua_flavescens"	"Males"	3.22581573034493	-0.395205003722923	2.20339550843751	-0.366948257870608	0.641848932277684	-0.749692977766317	0.352542044046062	-0.181857411359783	0.00905417724140793	-0.0221471231058305	-0.00372919894867269	0.0606932526323777	0.038113424983909	-0.00583730856054986
"35"	"Boissonneaua_jardini"	"Females"	3.48823966936567	0.114884685779671	0.497168676228189	-1.57773637153876	1.28683692421536	-1.41740182003504	-0.129483223726072	-0.103075494051943	-0.162781929320836	-0.191935576811625	0.00229038438904966	-0.0418360065679255	0.0354190182642989	0.00717918210183197
"36"	"Boissonneaua_jardini"	"Males"	3.96688337628461	0.00840893334163279	1.00126642552413	-1.41591915919912	1.20299944905566	-1.59365099622589	-0.00480319280358483	0.0407044660906044	-0.245635806168387	-0.213686575854733	-0.0552672374271007	-0.0207522186518469	0.0338104206024687	0.00210103338254652
"37"	"Calliphlox_mitchellii"	"Females"	-5.10954718317339	1.98914988785712	-0.0163660367496648	-0.249019618785252	0.517404275760324	-1.28827642259749	0.961503186549711	0.362752321809078	0.125035633374523	0.0155944568309935	0.0773353381323601	0.00817621991033315	-0.051596562927212	-0.00516943565331552
"38"	"Calliphlox_mitchellii"	"Males"	-5.53524501734065	2.82737837498423	0.323036032460202	0.0862965375446091	-0.256427347766682	-2.12075110434006	1.35655606228712	0.540893983217016	0.271438810643748	0.0641339426750956	0.0768975430826083	-0.0149103186996825	-0.0725087341807485	-0.0191025491590052
"39"	"Campylopterus_falcatus"	"Females"	1.58008619755593	-0.107591904109743	-0.75113082125528	-0.647308694619016	0.54521110992643	0.196115757992844	-0.892052737211814	-0.130196551869045	0.210916589450835	0.0943122548032465	0.00715848517558879	0.0147990135945685	0.00931205338705848	0.000244679278625298
"40"	"Campylopterus_falcatus"	"Males"	2.57856325036964	-0.00942388749666546	-0.265688317511517	-0.54251211707074	0.781659080460197	-0.707611419210281	-0.519681758998315	-0.176992240842038	0.0756246263724178	0.0776655220447482	-0.0503146321617645	-0.00530139579998301	0.00272380115061275	-0.00947125930107874
"41"	"Campylopterus_largipennis"	"Females"	2.64913769190582	-1.84016968727389	-1.3207821355754	-2.06064802259627	0.606086701870226	0.322307977865526	-0.303322012831512	0.335449730192936	0.16196698935886	-0.248559661343416	0.21361622952271	-0.0294836868190232	0.0112235116668427	-0.0286336886620019
"42"	"Campylopterus_largipennis"	"Males"	3.72042559824683	-2.14324071838354	-1.83780940731866	-3.60884441630917	1.45113723391666	-0.46631978375772	-0.0543435269814886	0.606995778399193	-0.0837381361539318	-0.450123427757639	0.0781296225947158	0.0209330721901028	0.014707523022128	-0.0506557581594972
"43"	"Chaetocercus_heliodor"	"Females"	-5.39994642830209	0.790605006451624	-1.19678582846102	0.626734159892092	0.72962314037404	-1.74684009626991	1.07953484107813	0.208012976794782	0.158779822448648	-0.0559083224775208	0.0606783166887585	-0.0146316306016586	0.0685433566646103	-0.00783889186723989
"44"	"Chaetocercus_heliodor"	"Males"	-6.6718853931674	2.01705452816159	-0.705333852441402	-1.35182022791518	0.601260412920978	-1.9767324710103	1.63892589073157	0.221132283444368	0.374675715441921	0.108636448399701	0.134859745208408	0.00564604474255061	-0.0911990107016472	0.0308057626832818
"45"	"Chaetocercus_mulsant"	"Females"	-4.21348440609921	1.81939197128875	-0.769787972013977	0.168298824018515	0.82936059546353	-1.65151809876315	1.37933138775022	0.169624650313393	0.129320268809982	0.215716963744662	0.016709756718351	-0.0402174512238523	0.00330253338800429	-0.0115673983997107
"46"	"Chaetocercus_mulsant"	"Males"	-4.41495504287467	2.38557885586491	-0.0704694156753482	0.748479355589351	0.186043077736206	-1.90467912207194	1.40591368480819	0.196878503702842	0.196470662622708	0.149802416189253	0.0217103950003348	-0.0370753389520322	-0.00863061136856217	-0.0178474525558952
"47"	"Chalcostigma_herrani"	"Females"	0.436737186481247	-3.15638136159712	-0.297275596952379	0.190644963189752	0.125786254580406	-0.373749350364544	-0.0625853743998982	0.410264659707771	-0.0663007370975924	0.0648238593350803	-0.0542746857432529	-0.0955627899653274	-0.0348187971160501	-0.0166779894190789
"48"	"Chalcostigma_herrani"	"Males"	1.31398375762216	-3.09396502894441	0.169954530203714	-0.139706567903318	0.130452272911207	-0.632999233587413	0.122573586326518	0.485940393703584	-0.0941071095686263	0.03401868137139	-0.0471633537466127	-0.031147007909114	-0.0507818021382039	-0.0246904771288537
"49"	"Chalcostigma_heteropogon"	"Females"	0.180032793970306	-2.86569843062592	0.0834646517479771	1.28994975964966	-0.277499233774236	-0.414640615401921	0.222460543593678	-0.268768222709142	0.0452331418408832	0.00824358458016977	0.0480096126212495	-0.0706059573386284	-0.0240747113480737	0.0271527279942477
"50"	"Chalcostigma_heteropogon"	"Males"	1.16951192604856	-2.29092751462069	1.16757550798795	1.24815803802852	-0.663380543627894	-0.667964616804089	0.27054829548008	-0.193207170943577	0.0511879669491392	0.0316426491069485	0.0425625276168199	-0.0208358994735023	-0.0314321685655851	0.0285465649537406
"51"	"Chalybura_buffonii"	"Females"	0.788156729046308	0.523992093037016	0.146476223573447	-1.07589456879054	0.462109651586895	0.405455781798529	-0.182876528701973	-0.201566258867152	0.0861577451362825	0.11105578775762	0.0342571267944877	0.0218413148104088	0.0110334995942359	0.00716594643806844
"52"	"Chalybura_buffonii"	"Males"	2.17661591046753	0.617026734097388	1.01921615451366	-1.06944364974086	0.395205055850207	0.226192255134224	0.00367706819778897	-0.102498210403169	0.0522467692974306	0.0747518152203136	0.0218555261522756	0.0561441548966747	0.0268384570834388	0.0137082989662584
"53"	"Chalybura_urochrysia"	"Females"	1.04046636463982	0.789633315266852	0.358312785904828	-0.117736200984993	0.508643802815833	-0.214204646021111	-0.556769164820872	0.405160454227713	-0.0972783168997925	-0.0426432269378711	0.0833420145674942	0.0067686727867608	0.0090695534196426	-0.000444648473165439
"54"	"Chalybura_urochrysia"	"Males"	2.29833091958792	1.07510770923843	1.23021695500133	-0.263213209908641	0.576233426897613	-0.265864290457393	-0.668559647917962	0.47345555243427	-0.0812481097261988	0.0850723030482846	-0.0494734980450161	0.092878845743792	0.0152917851903667	-0.0173407319693487
"55"	"Chlorostilbon_gibsoni"	"Females"	-3.67287319039493	-0.694620394521179	-0.25757161451197	-1.27587787895062	0.428144457073344	1.37330627977624	-0.316766343807415	-0.140833137219048	-0.082878141799901	-0.10813536328324	-0.0448598432459872	-0.00481658594523642	-0.0257447646023467	0.0324788965457331
"56"	"Chlorostilbon_gibsoni"	"Males"	-3.43376455202443	-0.588119484365313	0.00436284552504651	-1.32645630862915	0.293099060167992	1.16756982796919	-0.360155071010543	-0.0186276631115196	-0.0901209069798562	-0.0861212668907816	-0.0251560204663287	0.00208241729163539	-0.0335201024654357	0.0388169557911041
"57"	"Chlorostilbon_melanorhynchus"	"Females"	-3.94929863387561	-0.7374015474245	-0.00182030933222184	-0.355318865942767	0.271291036813814	1.07470387661651	-0.148674510816858	0.0210730172395672	-0.161513094917766	-0.125323338595983	-0.110892414105061	0.0324032584253577	-0.00664075331004027	0.0040993091748983
"58"	"Chlorostilbon_melanorhynchus"	"Males"	-3.78830668360814	0.282622684360602	1.38169910780711	-0.395485914943949	0.119639604810606	1.181165183775	-0.203090398821537	-0.133462161258853	-0.0749168113796177	-0.159783302979306	-0.0291115216400417	0.00990465985629309	-0.0536254217852175	0.00699816859956563
"59"	"Chlorostilbon_mellisugus"	"Females"	-4.18883221503496	-0.998930589715787	-0.576282225734075	-1.21714208482647	0.527038989169935	1.29840458730191	-0.304777169032783	-0.111191820306329	-0.127985085730042	-0.143365426248535	-0.0772132510593345	0.0302667625325553	-0.0129709631342014	0.0207611927422683
"60"	"Chlorostilbon_mellisugus"	"Males"	-4.18186040636099	-0.293060898690683	0.090928156556269	-1.59286634623346	0.607314421069921	1.22983252124385	-0.173415856388914	-0.187282503746868	-0.0676837483469351	-0.0937338016692569	-0.0266106478034407	0.0414104290617194	-0.0637442232126719	0.054285823475642
"61"	"Chlorostilbon_notatus"	"Females"	-2.60412565344008	0.743511986227178	0.440590042359803	0.152774672874907	0.247454628677623	0.688594254008011	-0.274549801814095	0.425432069200346	-0.145641026501899	-0.0864436165940279	-0.0103328782311458	0.0260138235024662	-0.0161280490844377	-0.0135201588445681
"62"	"Chlorostilbon_notatus"	"Males"	-2.20163346347532	1.04261789219839	1.19769148779397	1.04384050929733	-0.0650021799227761	0.221801640521253	-0.0164870762463948	-0.105817347938465	-0.0135606299432403	-0.0957834762321415	0.026583376633772	-0.0228732069124495	0.00530425397441741	-0.0236517002216716
"63"	"Chlorostilbon_olivaresi"	"Females"	-2.65125332145322	-0.0483922198659618	-0.727079815635882	-0.600026371406018	0.551673260745381	0.599700307959508	-0.231675477743174	0.34324864166761	-0.127723817052997	0.0722257992530352	-0.111097491451947	0.0364673812350522	-0.00677343756652415	-0.00350053353918706
"64"	"Chlorostilbon_olivaresi"	"Males"	-2.65503021572364	0.582891969924138	-0.0979375845948479	-0.792747451925156	0.550793694327059	0.515851814960312	-0.135838680008888	0.249182252232414	-0.081403934495521	0.0926361928669535	-0.0671361524181116	0.052750141173083	-0.0310293266870424	0.00588991821893029
"65"	"Chlorostilbon_poortmani"	"Females"	-3.21488538687325	-0.205213205156049	-0.74523657268282	-0.427178010286993	0.451205875086852	0.632680946199168	-0.0751722152448446	-0.252746160118721	0.00618288191772021	0.00133577973996993	-0.0775548304956589	0.0308784268694573	0.0108426528759225	-0.00216958393333659
"66"	"Chlorostilbon_poortmani"	"Males"	-3.7980227426455	0.735403811362901	0.222291239708959	-0.577173255994951	0.446175105169419	0.580847069440784	0.0306333929718109	-0.308868098902898	0.0501719008792116	-0.0967507079622948	0.0123308290658779	0.00460711520470625	-0.0361964931896194	0.00967985157349125
"67"	"Chrysolampis_mosquitus"	"Females"	-2.3597239842145	0.0825410659511867	1.29191149203159	0.075117482589147	0.172616740718079	0.678264403028158	-0.171190714911698	-0.293379758442916	0.0281095906910415	-0.00454738251991651	-0.0575932941381439	-0.10609729349232	-0.00945946908874971	0.00913981973860442
"68"	"Chrysolampis_mosquitus"	"Males"	-2.18123044523517	1.28276174293511	2.92527676497665	0.243901760229784	-0.0512936674476517	0.717314446303917	-0.275127468456777	-0.390073708724218	0.100532310712907	0.0104516106309023	-0.0451806612094086	-0.0960031681340194	-0.039122083036249	-0.021433569053768
"69"	"Chrysuronia_oenone"	"Females"	-2.06576285947907	0.321998034741026	-0.842412733177139	-1.13973457010708	0.693070264084172	0.183045967256073	0.0142791681890384	-0.0882420439901786	-0.00618810791561749	0.0802359231670518	0.0403408568110766	0.0209722217227643	-0.0030796219741965	0.00985176710253481
"70"	"Chrysuronia_oenone"	"Males"	-1.43711249473746	0.941311552113352	0.180007930173959	-0.641634966317321	0.533003350497364	-0.0597269044471002	-0.0223786297194737	-0.135742901786394	0.0139549829783538	0.0966789444502602	0.0323968954691123	0.00753703320421521	-0.00803680255079654	0.000553764954585371
"71"	"Coeligena_bonapartei"	"Females"	2.27317168370623	-0.801262124493829	-0.176985301771211	0.405577652880953	0.0904512716235076	1.07815106314507	0.968422360043585	0.178963768384441	-0.0333609527471063	-0.0140500303846805	0.0843113940271958	-0.0160964843982271	-0.0151128822348701	0.00420771275368541
"72"	"Coeligena_bonapartei"	"Males"	3.02203631345805	-0.46408222587955	1.07451683171115	0.744606809533004	-0.0674333523739996	1.01962334483856	0.920022906976305	0.117861489934626	0.0656006269489329	0.0034180441672787	0.0818295231190777	0.0360838543117329	0.000561394667965059	0.000519003372570868
"73"	"Coeligena_coeligena"	"Females"	2.02175735652119	-0.816405253137508	-0.58271397896479	-0.0286587667693801	0.186968471135975	0.83620137044918	0.414979803112454	-0.0582354483976046	0.0829370124429402	0.00628834498170461	0.0825033063610726	-0.0209994828739809	-0.00347468351862318	0.000934583426745588
"74"	"Coeligena_coeligena"	"Males"	2.98366627166693	-0.252699641278931	0.507845806960059	0.493529252307344	-0.0425095775745068	0.630230625112248	0.483393111805695	-0.138651242479406	0.127525221788311	0.0278655800780712	0.0564705671310985	0.018540755827286	-0.00141134148839718	0.00732998221671289
"75"	"Coeligena_helianthea"	"Females"	2.43479950687871	-0.63702530224552	-0.902983766534405	0.423669205440788	0.163718367653503	0.728714455319163	0.646005111737482	-0.305193434931367	0.105116451664073	0.13818034548037	-0.0518025181915368	-0.0603554619004582	-0.0246954998673232	0.00897736719361895
"76"	"Coeligena_helianthea"	"Males"	3.14449825665309	-0.369693390845174	0.457070367874654	0.487604577896823	0.0844051727067946	0.49826743666955	0.527270186389637	-0.284027230179561	0.163733630500886	0.0154815259416739	0.0547288445544791	-0.0252904745075099	-0.00308972923644745	0.00596915617393153
"77"	"Coeligena_lutetiae"	"Females"	2.89949554807975	-0.230187476039818	-0.750082498434463	0.17646260459256	0.293821728266331	0.606086161911111	0.573863194896678	0.066360676349759	-0.0201162362844243	0.061961819955894	-0.0479238048969056	-0.043189854562213	-0.0197003723894505	-0.00657260390814694
"78"	"Coeligena_lutetiae"	"Males"	3.52221556799814	-0.428218470371239	-0.00982891027991121	0.0352825601732897	0.147753817039622	0.516803846714782	0.799170420438609	0.0202847700075855	0.00410963015845069	-0.00758195628876587	-0.0172100188856732	-0.0417211627867133	-0.0127149209289917	-0.00101927617050899
"79"	"Coeligena_orina"	"Females"	3.03684253363798	-0.181006900424002	-1.59051272936824	-0.595298167098824	0.397012175582486	0.74640445983244	0.188152587304175	-0.06793842876017	0.0982907143324056	0.0587839094157005	-0.0231470413938305	-0.0466030850292576	-0.008431756818636	-0.0165772505810958
"80"	"Coeligena_orina"	"Males"	4.13293332563552	0.839707534821722	1.05807226236359	0.869225321731521	0.117085988911104	0.84362443314623	-0.286118631274767	-0.13502229714993	0.320842562525242	-0.0497742259690769	0.101394256681565	-0.00796297839607705	0.023652386794327	0.00796935622796401
"81"	"Coeligena_phalerata"	"Females"	2.02136963306841	-0.8678572584403	-0.681306488596111	-0.217720691478439	0.291412768192618	1.21092764769416	0.554394683186524	-0.11298809072271	0.132093486627604	0.0722859091204988	0.0387189366761544	-0.0420969872064608	0.000416776836020458	-0.00824671239403359
"82"	"Coeligena_phalerata"	"Males"	2.97044308040404	-0.0353938123454578	1.07383127036983	0.352861566778859	0.0627526678566322	0.825585997178616	0.499799341338997	0.0434981089070129	0.0882368489650266	0.0576292823244141	0.010092335839254	0.00322473257738826	0.0126369195072954	0.000683844135417147
"83"	"Coeligena_prunellei"	"Females"	2.83549847818219	-0.469230242801393	0.0248399883135073	0.599980743069541	0.178335612642816	0.620733002133126	0.391068157915117	-0.140225842452071	0.130711884100047	0.111131567292349	-0.0220124608085972	0.011851129688523	-0.0155162828026354	-0.00365995250317172
"84"	"Coeligena_prunellei"	"Males"	3.98565400829854	0.168319994192876	1.66884320919954	1.27210633235901	-0.107152373867127	0.440473525969304	0.337889293638993	-0.158542485020623	0.19965153733304	-0.0418910797620059	0.0922097795855204	0.039982916338448	0.00753249798765971	0.00718612069644858
"85"	"Coeligena_torquata"	"Females"	3.02915395621916	-0.443156215152681	-0.597362261714698	0.427961294384796	0.123751609905449	1.08699019671705	0.682447829876389	0.0875794714267696	0.0575449040441384	0.080591796618968	-0.0250234557140598	-0.0106408830212212	-0.0287957210884002	-0.0025088589134542
"86"	"Coeligena_torquata"	"Males"	4.01093252727966	-0.0116061849644377	0.771506718756816	0.809872030441913	0.0239012196360008	0.84467103193203	0.852253654397077	0.185369033052995	0.0341423077892319	0.00436045859887471	-0.000443576082821654	0.0241308171701081	-0.0139854078874484	0.00304792616143134
"87"	"Coeligena_wilsoni"	"Females"	2.68252330107132	-0.208350628651248	-1.21468160996368	1.20708848252931	0.228816011609116	0.577149221347977	0.536899603107527	0.129028935673046	-0.0767217784576008	-0.00883945824574275	0.0487003362729029	0.0283980626029022	-0.044396352208962	0.0117532601818057
"88"	"Coeligena_wilsoni"	"Males"	3.33460878610514	0.258084002979197	0.0312841554783822	1.43928388325062	0.048879675511592	0.534781517053492	0.459299909823219	0.152172931711205	-0.0375271176756068	-0.0368019928106701	0.0510765193824254	0.0142719420381112	-0.033025604717843	0.0141508877088619
"89"	"Colibri_coruscans"	"Females"	1.78147111513872	-0.195970662993669	0.671443058568716	-0.244570876913854	0.331884385512745	0.117087796575152	0.335200337067347	0.253753587815782	-0.123293626354569	0.0846887571956212	-0.0458649574713871	-0.0104896179075942	-0.00015816765621714	0.00122984129160022
"90"	"Colibri_coruscans"	"Males"	3.53204629051578	0.212541586058614	1.75654359668259	0.0689891927911184	0.203985982624888	0.0162409249031411	0.539723521080431	0.339996989408395	-0.13153116195421	-0.0333296764636136	-0.0389650105281208	0.00592199988920157	0.0207139624924442	0.00366960978725222
"91"	"Colibri_cyanotus"	"Females"	-0.366476150725734	-1.36333055041339	-0.00704570602899151	-0.525412130980018	0.305728582865012	0.85194708285046	0.140825776794192	0.000559186499678552	-0.00308451463996134	0.0898311454012746	0.0110481963249654	-0.021011788172104	0.00869785211472534	-0.00308496750261509
"92"	"Colibri_cyanotus"	"Males"	0.769306187508979	-0.673898146578446	1.03895421760631	-0.22202319777772	0.112009832155772	0.703966043133237	0.241875879693422	0.0532931949758177	0.0178205899896796	0.119129404827101	0.0216748958056427	0.0611613009310991	0.00858768408738201	-0.00206065677471035
"93"	"Colibri_delphinae"	"Females"	1.03565589860219	0.210330621056146	1.7835923915487	-0.459379493195016	0.562653127228112	-0.105235533818054	-0.0330236260577925	-0.307372441672045	0.090421152906509	0.200853885669563	-0.0455999164170643	0.0472263274515882	0.0196753582769689	-0.00012169608413092
"94"	"Colibri_delphinae"	"Males"	2.16265445221654	0.68485900194098	2.90496811141831	0.593031018880919	0.331439721572613	-0.190872102120351	-0.0119197218695829	-0.160910249135189	0.0691383375901111	0.10157886765059	-0.0162255117386233	0.0110331542812226	0.0405203133215472	-0.0234201039121902
"95"	"Damophila_julie"	"Females"	-3.83732153987845	0.247511636345701	0.0687795460154201	-0.0863535064505177	0.15605671848225	0.103997725604039	0.0718664793817193	-0.0904263864051242	-0.0237224097781805	-0.10007125160239	-0.0285944189965049	-0.00365842111015847	-0.00199686418896701	-0.00114990402897969
"96"	"Damophila_julie"	"Males"	-3.68990629157293	1.00802735714517	0.952485505081541	0.0390450384996311	-0.0165287284663886	-0.0528292179819336	0.0503423695773449	0.0226685706458792	-0.0186223685258899	-0.105770425314008	0.0101963939832227	0.00941630915030149	-0.0336881337933588	-0.0050860130911458
"97"	"Discosura_langsdorffi"	"Females"	-4.16441568946481	0.755382742081258	-0.367895484771611	4.01174608477459	-0.0716521729041866	-2.15060661252928	0.900694218200054	0.373217906950243	0.0496842081577367	-0.180787881333267	-0.068007652773559	0.0442953439318227	0.11581276195019	0.0938554850487224
"98"	"Discosura_langsdorffi"	"Males"	-5.34983401412933	0.625441545381297	-1.02305265486928	-0.513276009585405	-1.89341331134129	-2.66880048035585	1.38302901714007	0.554940374165146	0.0663615466267516	0.0602342386431797	0.0292317253229689	0.0374540665026936	0.0303042627611616	-0.0145516685699132
"99"	"Doryfera_johannae"	"Females"	-1.28968710679084	-0.76644394468437	-1.98346717722445	0.0773406722319327	0.457046217910247	0.768667866368335	0.408811846730667	-0.221287239070665	-0.0584309364904296	0.0484858952838762	0.0330687840911332	0.076481999542321	0.0335701862284165	-0.0181882119657648
"100"	"Doryfera_johannae"	"Males"	-0.810474922398437	-0.252909269184785	-0.91253806711757	0.14507452218727	0.246218274448921	0.992657096995686	0.470984069101833	-0.244041531823994	-0.0436284699028724	0.0349741712954726	0.0649781581409806	0.0602302920680481	0.0169435056220293	-0.00031928099684785
"101"	"Doryfera_ludoviciae"	"Females"	0.505734379941801	0.0436634590773785	-1.61999066496786	0.678589779095087	0.359359105582718	0.29879512274112	0.758371987766924	-0.250789413498778	-0.0798931669660709	0.0345326059890298	0.0972923425370142	0.0480721103051857	0.0117199485542334	-0.00558282130956266
"102"	"Doryfera_ludoviciae"	"Males"	1.08366628413753	0.570191873377253	-0.79204739225759	1.21694869260333	0.206890224912096	0.330395249601426	0.794089190296478	-0.153295392431465	-0.117218465767848	0.0491948775057553	0.0552193711579236	0.0454413788161546	-0.000126005293953946	0.000652739734769033
"103"	"Ensifera_ensifera"	"Females"	6.90876189683244	6.10020087926032	-4.71673758341481	0.0783099031970881	-0.909832030907435	2.7392575268971	2.26746748912296	-0.588728167428743	-0.276527010959358	0.096034919636172	-0.127961215622863	0.0162722267992919	-0.000560040226501502	-0.0248411422274323
"104"	"Ensifera_ensifera"	"Males"	7.12037907942813	5.39680690238095	-2.90219638849295	0.346496210457957	-1.26304268098542	2.48921428604104	2.10812217734564	-0.734587447353435	-0.16594679379435	-0.0776906519845317	-0.0161722362384588	-0.0372962951708877	0.0313360089177522	-0.00659519777379683
"105"	"Eriocnemis_alinae"	"Females"	-2.52765942635889	-1.50626220201086	-0.816553902866103	0.375484858271551	0.284194883945212	0.589280058618683	0.209758503798274	-0.222859706275459	-0.0976430865386782	-0.00671144694880799	-0.0565502882858594	0.0162599021345804	0.0450643958999853	-0.0102196074683863
"106"	"Eriocnemis_alinae"	"Males"	-2.26000364060351	-1.33884148922848	-0.411771938908625	0.406427901464327	0.200471672384098	0.514242385457169	0.118188672274255	-0.199417031687595	-0.083100358908907	-0.013196377707449	-0.0348744606669423	0.00467746759219225	0.0375066997965781	-0.00930845646140826
"107"	"Eriocnemis_cupreoventris"	"Females"	0.0892079569326373	-1.51360423803554	-0.433442451279702	1.15503065843897	0.0967340769904256	-0.337449086617114	0.205378180886198	-0.198977158444266	-0.0216068808677039	0.0472491760530921	0.00872340646361493	-0.0356548615851484	-0.00477771160615259	0.0163546348294466
"108"	"Eriocnemis_cupreoventris"	"Males"	0.513098451610042	-1.12109782434021	0.189398875729891	1.00048825600423	0.10592797976167	-0.490922753504636	0.225129427535017	-0.160577837124461	-0.0411623473334128	0.0576877758020064	0.0166482653311182	-0.00775503059813795	-0.00378945731237526	0.00638443081414881
"109"	"Eriocnemis_derbyi"	"Females"	-0.302043673720848	-0.936758082473963	-0.652918709145111	1.3549931410948	0.403469637483222	-0.242208868739562	0.366397964250433	0.290748737450287	-0.205926962437218	0.0849844121233868	-0.0718861063947294	-0.0250981767561455	-0.00311413331467311	0.00795020216638874
"110"	"Eriocnemis_derbyi"	"Males"	-0.160193330168	-0.802549565272048	-0.189605548154683	1.09935099151846	0.437087265956241	-0.235432541568689	0.281553507375453	0.276303394586127	-0.19138445792216	0.0625474609763043	-0.0361827155174334	-0.0126042009302205	-0.00313432466387362	0.00988699723392059
"111"	"Eriocnemis_mosquera"	"Females"	1.34631432257091	-2.06130421712266	-0.0508375507505501	-0.234361109645778	-0.0753491019195988	0.0629991500829444	0.290745431058686	0.472022952546881	-0.108548258267465	0.0926794816735987	-0.0675350436446764	-0.0366497947455352	-0.0285066858219946	-0.0106849583549915
"112"	"Eriocnemis_mosquera"	"Males"	1.8685155640343	-1.91483664451224	0.827400886996573	0.018443463354382	-0.305147913024439	0.0262410681196252	0.352695257090215	0.39142668202384	-0.0395845780508105	0.0369375801341024	0.00449580753026746	0.0130940806792715	-0.023092196496348	0.00246302570930767
"113"	"Eriocnemis_vestita"	"Females"	-0.345618817419675	-2.07703204989491	-0.75716192439975	1.58940093685123	-0.0491774932254069	0.138240363248501	0.310995819147898	0.0832704591808616	-0.122734910100551	0.0317013354733657	-0.0262909458279146	-0.00557357397049417	-0.0103385090759095	0.0204444093229603
"114"	"Eriocnemis_vestita"	"Males"	-0.201836584184024	-1.55825550236728	0.0756681424020901	1.47945992819684	-0.170604078266738	0.136617925591303	0.306719742654612	0.00309756035261718	-0.0934603714235251	0.0151733022753319	0.0171612971608515	0.0162038245875835	-0.00400795610540972	0.0187231720802319
"115"	"Eupetomena_macroura"	"Females"	2.02327880680542	-0.835708864360704	0.0832695769713489	-2.62183380313032	-0.61561435787544	-0.46436681961623	0.00962549816092632	-0.147757952741853	0.034566764420864	0.00501000447612466	0.0665935631252411	0.0741955861209077	0.0213492022927658	0.017801501632965
"116"	"Eupetomena_macroura"	"Males"	3.3006375370764	-0.966127745671264	0.602820173797916	-2.9812158569477	-1.07779174381948	-1.04491077461836	0.121839915401804	-0.0483566260874823	-0.0449341467511632	-0.217550053564217	0.103679760594024	0.0585627168413098	0.0460677262979145	0.0286748042556049
"117"	"Eutoxeres_aquila"	"Females"	5.00414679687207	-0.467947655017432	-2.06264113816668	-0.472175055731025	1.17736709484593	-2.72773642315271	-0.467383408245505	-1.19991919240862	0.0934843737330241	-0.166245865426812	-0.0188236079851274	-0.0258397389089222	-0.0699493766836002	-0.020274880547975
"118"	"Eutoxeres_aquila"	"Males"	6.33243414533056	0.513237660058707	-0.818120254730805	-0.163946211584672	1.27385151108125	-3.16951846510959	-0.168292397895625	-1.2668213583677	-0.152977646931061	-0.372144071396479	-0.0567174641250269	-0.0260705570859341	-0.0568738901702087	0.00428691297472134
"119"	"Florisuga_mellivora"	"Females"	0.94584095092566	2.06746467726446	2.08931127800331	-1.53584219990897	0.850340044155522	0.0755999755559659	-0.664915967200641	0.285260139277767	-0.0272927814915434	0.0944695598706905	-0.013927183136024	-0.00524235675745062	-0.00943178744629193	0.0539999450782074
"120"	"Florisuga_mellivora"	"Males"	1.85060666843275	2.05294136003356	2.630937697479	-1.20846608351596	0.758708376245483	-0.103998146772996	-0.661826574047937	0.404918093214397	-0.0779085828998328	0.0913365011549295	-0.0504727951321356	-0.0016679380972873	0.0233695452914117	0.0169149991471828
"121"	"Glaucis_hirsutus"	"Females"	1.93774217426408	0.180868496369049	-2.57432303331654	1.08945295176256	0.827345885265764	-0.880207939590277	-1.59454817256741	0.263236611559792	0.130616188824675	-0.0146459204797012	0.00777100805171628	-0.0126172490959447	-0.0187766776150204	0.0137993806613362
"122"	"Glaucis_hirsutus"	"Males"	3.44883756190596	0.113610477778062	-2.26055135053721	1.2148853793974	0.878887051545705	-1.14588449357055	-1.94774533090251	0.388779143244748	0.142610410582229	-0.0519203280171707	-0.0125548331485146	-0.0103291141987029	-0.0740749966986062	0.0349445299748878
"123"	"Goldmania_violiceps"	"Females"	-2.75475028131578	-0.843747036634513	-0.860211601947911	-0.644560797351701	0.548531649378875	0.479319570596558	0.226152063382291	0.162295594018378	-0.179636235264957	-0.0271803978167698	0.0125964362690245	-0.0290732390021868	0.0097607529432273	0.0154299006127379
"124"	"Goldmania_violiceps"	"Males"	-1.43951992329429	0.913118029170469	1.88440501384351	1.70581196665004	-0.101453031663207	0.479636455530338	-0.118867556611191	0.0254191010802424	-0.0604934765924854	-0.176131731631202	0.0999644852493944	-0.0296405090849866	0.0169591681857319	-0.0303672549936865
"125"	"Haplophaedia_aureliae"	"Females"	-0.868218499316233	-1.25274411944773	-0.537512383211796	0.581038115056442	0.181743695172399	0.221478024201423	0.327529025615012	0.182967331900932	-0.173792554628794	0.0557669557251955	-0.0175688581007486	0.0180433865792028	0.00937136126913431	-0.00741086967296375
"126"	"Haplophaedia_aureliae"	"Males"	0.0187968832409442	-0.892493351681268	0.0478837241616858	0.281771764208964	0.228624945830147	-0.0916041708031241	0.323821575453161	0.257219427845382	-0.18370345433517	0.0259982043036686	0.0510347258774969	0.0358136837371486	0.00424823195298069	-0.0120330764062549
"127"	"Haplophaedia_lugens"	"Females"	-0.376464875104634	-1.97147163017947	-0.872276378072692	-0.995234220954133	0.6685524787194	-0.107592744698814	0.540943603955234	0.22815348239173	-0.206836103295143	0.00913160838081625	0.0751933918150839	-0.0243377847285464	0.0101252026673063	-0.0194045330633486
"128"	"Haplophaedia_lugens"	"Males"	0.680241071911243	-0.551564731567737	0.943277750143204	-0.513855757222445	0.606350612977369	-0.302501397336294	0.349624778208828	0.0910419554991706	-0.148137410257579	-0.138540157136445	0.20095498720596	-0.0189418108865758	0.0235607690986645	0.00615012233099791
"129"	"Heliangelus_amethysticollis"	"Females"	0.0848430127856937	-1.48999409718469	-0.131999782507228	0.37953850134405	0.329378168648005	-0.0967857093211827	-0.0545760638706219	-0.256981063550534	0.0692939009069616	0.132568093851474	-0.0221959933002693	0.0226511916599931	0.00465670963789775	-0.0046907506727401
"130"	"Heliangelus_amethysticollis"	"Males"	1.19967478735415	-0.516241841045486	1.59765632787819	1.06096874411894	0.146929206715227	-0.293779233708064	0.0131545014179115	-0.235736050715227	0.0745209292279904	0.131473303596145	-0.0128010678146036	0.0532609073584238	0.00652464835176028	-0.00984191300316022
"131"	"Heliangelus_exortis"	"Females"	-0.762083782742013	-1.53231924431158	0.209103752026274	0.241542968990864	0.0613299539631036	0.240181270784618	0.0932198009047982	-0.168974294160365	-0.0114509764729478	0.140764414630684	-0.0510058431097436	0.0448320379323963	0.0103510732261733	-0.00737393591102136
"132"	"Heliangelus_exortis"	"Males"	0.188730968137575	-0.740236076893506	1.70431652755469	0.103676326948971	-0.194833487817471	0.270287157857003	0.0218913619980923	-0.0772365043221107	0.0351487678140555	0.152269053993223	-0.00828949212894449	0.0568556925794371	0.00349816681116009	-0.00717382186592501
"133"	"Heliodoxa_aurescens"	"Females"	-0.721193200083229	0.141038050682107	-0.566078178138144	-1.83569172128062	0.908279221633709	0.170337747424611	0.10318649664897	0.0719137451631908	-0.0875731323949519	0.0866884711108357	0.0416983212631543	-0.0780879752935649	-0.00421333165039169	0.0339101458811576
"134"	"Heliodoxa_aurescens"	"Males"	0.232840345608702	0.619956954690428	1.19692967815844	-0.583889850469477	0.570530061965707	-0.138840517459829	-0.0586594635726012	0.0193506561537636	-0.0545300853200797	0.0782914179547604	0.0295178254486295	-0.0206115298199151	0.00821498412822812	0.00438190413922908
"135"	"Heliodoxa_imperatrix"	"Females"	2.6945921908552	1.14384240705363	-0.585230241905537	-1.6282480616316	0.389670998302454	-1.39748404338804	-0.152519618614979	-0.0317412826418914	-0.187679942088716	0.0556806703703532	-0.156677850955761	-0.224959879867212	0.0102100565130814	0.0187716818824079
"136"	"Heliodoxa_imperatrix"	"Males"	3.26489160361034	1.49227490480348	1.04627583364896	-1.62341920757419	-0.538329607428878	-1.44220783727772	-0.00710561190591821	-0.0438738667485382	-0.24542954583322	-0.0381050235765191	-0.0653014034324313	-0.065269012182989	0.0328746275807339	0.0136973457468098
"137"	"Heliodoxa_jacula"	"Females"	1.24100814715822	0.789102689824024	0.2771725859222	-0.633756725538493	0.510996188265895	-0.476183862401981	-0.221571846754884	0.105673187872465	-0.0714260704718291	0.106352794624843	-0.0291915004379356	-0.0130117100348275	0.00428912338550827	0.00754857637367131
"138"	"Heliodoxa_jacula"	"Males"	2.35538236540271	1.11171436463603	1.7835175893414	-0.847889311735126	0.132702737218998	-0.492969215930667	-0.0770090703121803	0.0512609108123276	-0.0970179617297341	0.066142282023528	-0.0321224058232894	0.0351044070517753	0.0320160755488371	-0.00425542432656648
"139"	"Heliodoxa_leadbeateri"	"Females"	1.03627126478247	0.156868057939357	-0.0716675182341726	-0.776884442596972	0.675151989863005	-0.331126332003732	-0.399697496935289	-0.0657619556123255	0.034026476393673	0.0932939930890038	-0.00670181852168647	-0.0381218539426488	0.00974141708287715	0.00457775315481541
"140"	"Heliodoxa_leadbeateri"	"Males"	1.91278185938547	0.790160780724492	1.61570517626233	-0.570035575983822	0.235643429593046	-0.330415455469326	-0.440358801681089	-0.135888892261709	0.0850470683342372	0.09154301675611	0.00133096926726423	0.0163508597075249	0.0267324681244557	-0.00272407469405589
"141"	"Heliodoxa_rubinoides"	"Females"	1.29980985172461	0.286230537169284	0.139624560147614	-0.836731453476236	0.662262301924184	-0.416842788188543	-0.0331219918330866	0.0250949428497058	-0.0769156310648061	0.0774015531804263	-0.00978601121652309	-0.0250053818556175	0.00974714254412922	0.0096966973930814
"142"	"Heliodoxa_rubinoides"	"Males"	2.19952067441591	0.670162266983273	1.38624031543932	-0.320062717125342	0.435432849875376	-0.561999049017222	-0.197328487425721	-0.0356668289366101	-0.0275863912638648	0.0583843604766619	-0.0289041477421768	-0.0213056754604941	0.022706829121853	0.00244538322419274
"143"	"Heliodoxa_schreibersii"	"Females"	2.00317345411905	1.03890985563441	0.280520899543732	-0.185924096093848	0.572185766585286	-0.664932251946594	-0.76116984543098	0.176986443743819	-0.0246018882858656	-0.0136244401263338	0.0182199097856287	-0.0555866310330421	0.0136570062079684	-0.000736355399107013
"144"	"Heliodoxa_schreibersii"	"Males"	2.95170544061181	1.66043561237571	1.57452227078762	-0.486201906973291	0.0282208788897271	-0.987739023127676	-0.520383576644985	0.0340577890779789	-0.0853511926005089	-0.0391551690859439	0.0143566607337943	-0.00782212715330671	0.0384708354968078	-0.0166968138260634
"145"	"Heliomaster_longirostris"	"Females"	0.280544589496599	2.35550835866619	-0.35981153261237	-0.0306842807537591	0.509774999506121	-0.169927165834124	0.0317427958095599	-0.0286363118116098	-0.00682958551102711	0.121376267454878	0.0174537309972982	-0.0160522238693995	0.000521914627038407	-0.00672625405126156
"146"	"Heliomaster_longirostris"	"Males"	0.991845992121463	3.89204632899216	0.449089773793298	-0.555732584653387	0.525189268092645	-0.267511643100804	0.379656702573774	0.00395328386987416	-0.118629789998986	0.12521210623232	0.0720368257517601	0.051598636336897	-0.0183709517396018	-0.00594101094531523
"147"	"Heliothryx_auritus"	"Females"	0.697487411932489	0.778864639764307	2.82644574447467	-1.55865921759388	-1.25322414060669	1.07234349500471	-0.421173880978817	0.485530754267826	0.00610048137724619	0.190082787967123	-0.054017299787038	0.0608061805598006	-0.00851595329166262	0.0215483284376409
"148"	"Heliothryx_auritus"	"Males"	0.568007577937475	2.74714003858304	3.81694195962196	-0.0522469869409848	-0.891638158256715	0.418166562187388	-0.683928400625097	0.294215792885881	0.00883485461459719	0.0875162391332088	-0.0732122022895777	-0.159231240351535	-0.00252560377595123	-0.0613662630979622
"149"	"Heliothryx_barroti"	"Females"	0.483363418003484	-0.384834378348452	1.75979677307492	-0.654238868170451	-0.732291216077554	0.478444551897362	-0.404108593495162	0.407698081206132	-0.0141128769742525	0.0680803071942856	-0.0232040081513205	-0.0804271582359033	0.00597860170179073	0.0143831811237105
"150"	"Heliothryx_barroti"	"Males"	0.444730268822051	-0.452594280150695	1.51672217612708	-0.610862273091886	0.208572975755043	0.478260590867211	-0.327830556799334	0.266745303707545	0.0182390580684048	0.107066846188121	-0.0181653569498136	-0.0220027021128379	0.00786825021252978	0.0135070635095491
"151"	"Hylocharis_cyanus"	"Females"	-2.70411683668467	-0.0665955264899261	-0.130337858528982	-0.598915974883662	0.601642112765486	0.67215258883365	-0.403093429921053	-0.788680814238181	0.207870803072768	-0.00337713683533363	0.0113509665529645	0.0350460536657161	0.00955055366885799	0.00316888525912684
"152"	"Hylocharis_cyanus"	"Males"	-2.16796808217812	0.591922015150589	0.709626689284928	-0.129557715181699	0.505054532781715	0.243325971338889	-0.606501519691463	-0.539895863053839	0.204930228046723	0.0359133914379892	-0.0153532690868357	0.00883915603957536	-0.00180528770257987	-0.00238152302376717
"153"	"Hylocharis_humboldtii"	"Females"	0.673384547876587	1.0818129513953	0.898476279379457	1.29926203852342	0.417323040249702	-0.627768021656767	-0.660528341130724	-0.0895248069311462	0.0772716146018697	0.0398560352021514	0.0137468261783727	-0.000275973888584787	0.0156555247187512	-0.00598282174393861
"154"	"Hylocharis_humboldtii"	"Males"	1.41927826049883	1.59565500410813	2.22132949663435	2.39323907747517	0.18289749094744	-0.668934958216084	-0.861380259911821	-0.0971428168782166	0.109023488277825	-0.0531823890457219	0.0746070452573106	0.0116226607939357	0.0242491502145059	-0.0261113900162659
"155"	"Klais_guimeti"	"Females"	-3.7053365208293	0.297024838589585	1.00679935679124	0.117688474427712	0.244686639125993	0.687592339184526	-0.440506914009883	-0.170705365446583	-0.00552120333700653	-0.157746002809884	-0.0582891803865284	0.033218346978835	-0.0225128402467618	-0.004264048889681
"156"	"Klais_guimeti"	"Males"	-3.05542134303654	0.621406463035288	2.35149926905558	0.891566105679865	-0.191223123279538	0.948645270904369	-0.478886277479898	-0.259648919593365	0.00675562753612996	-0.124038319688794	-0.0900452994380835	0.0533685549490277	-0.0273964447813515	-0.0407811640163075
"157"	"Lafresnaya_lafresnayi"	"Females"	0.409596664177107	-0.584901426828756	-0.692799709634655	0.790986792208206	0.0614216909924464	0.602894321756911	0.476460577775557	-0.10263445813585	-0.0460824591108964	0.0744064398588543	-0.0297991595651068	-0.104744652717683	0.00282480934479212	0.00638398587443518
"158"	"Lafresnaya_lafresnayi"	"Males"	1.09005104991993	0.0551200114452731	0.36262369273411	0.976052657381125	-0.0810593719951787	0.438941531604866	0.404849885427971	-0.0688527531585743	-0.0424536100302139	0.0878365417424807	-0.0328604290160889	-0.0643542976386072	-0.000117612988172058	0.00764686676616526
"159"	"Lepidopyga_coeruleogularis"	"Females"	-2.33184938493048	-0.242937685371616	-0.385014051422307	1.11702573456473	0.164541192747052	0.181626945619017	-0.145381803570102	0.0616813093594786	-0.0781714538485729	-0.144653479846472	-0.00293890283962592	-0.0705810094849363	0.0383309952547736	0.0142505928976001
"160"	"Lepidopyga_coeruleogularis"	"Males"	-2.00163862076085	0.741182714200934	0.951885765926895	1.43149893879412	-0.126392487431159	0.324258728309513	-0.245501397873515	-0.141226977214008	0.00935011128525735	-0.195884691010744	0.0641579388300813	-0.0609216998482462	0.0216332845105564	-0.00792844617961651
"161"	"Lepidopyga_goudoti"	"Females"	-2.42507616611289	-0.0776391967355809	-0.510599314187152	0.229816059404863	0.295768340035907	0.191460815003636	-0.15971119073617	0.149514963305291	-0.0811836423391877	-0.0612568884124425	-0.000192081307812162	-0.0138075986341717	0.0179933072423427	0.00662576962546694
"162"	"Lepidopyga_goudoti"	"Males"	-2.01171743016935	0.396388766077556	0.37407835189938	0.640934717629116	0.13770490565166	0.085962448261073	-0.265450028259939	0.1741102240231	-0.0711355797138696	-0.0635153973618867	0.00669017940849746	-0.00955686577010627	0.011178532470951	-0.0099893856423721
"163"	"Lesbia_nuna"	"Females"	-3.41791637301947	-2.70257981927121	-1.11853526311795	-2.26495351121514	-0.441918899878874	-0.0397324458028608	0.235656863152233	-0.754951201088106	0.00366676893478257	0.0327787332705962	0.0318868754176394	-0.000905111840796553	0.0427276188514887	-0.00615252190326738
"164"	"Lesbia_nuna"	"Males"	-2.25378186320844	-2.59112740719679	-0.210933088695179	-3.02514859259329	-3.34376918579635	-0.820765904681172	0.00795053792236161	-0.590287289240275	-0.0188251786924626	0.0594180922752579	0.0240552601661248	0.0127319528838179	0.00532252319558149	0.0264409273163017
"165"	"Lesbia_victoriae"	"Females"	-0.766563872509062	-1.71822985838762	-0.273963270024823	0.195140048712678	-1.89305699456255	-1.12969261490894	0.228493623509916	-0.302085703165455	-0.0631668614475186	0.0916361090078629	-0.0418308044247793	-0.00331505669477946	0.0200979118629865	0.000323380301854085
"166"	"Lesbia_victoriae"	"Males"	0.600211246966082	-1.49159384669921	1.01561655009575	-1.03170397872618	-6.00083440745238	-2.19380577788622	0.048602473751375	-0.344985163366955	-0.0811213481047061	0.0239809852886129	0.0436548017745568	-0.00581369427805311	0.00134786128590976	0.00595896172312167
"167"	"Leucippus_chlorocercus"	"Females"	-0.712299129652284	0.0160882594028421	0.284132188941196	0.977032682652355	0.277360926127813	-0.224121087086427	-0.467341010843971	0.349628472193752	-0.0939679377597536	-0.0807053566966786	0.0706118320053904	-0.00877452427555613	0.0157078625905391	0.000349160232886596
"168"	"Leucippus_chlorocercus"	"Males"	-0.162406750546841	0.222711395738136	0.73325063053238	1.04616172895772	0.223438620635026	-0.315275680028172	-0.701750034738495	0.229650323749269	-0.0222588752781275	-0.047386042673559	0.0675482415231213	0.0433534769488367	0.0114466335128995	-0.000527770198422567
"169"	"Leucippus_fallax"	"Females"	-0.3256903920537	0.676180748326593	0.568121937253882	0.251101512725243	0.413092352149314	0.310206683970959	-0.268299783882411	0.105272123454161	-0.0322892507336188	-0.0261203719903005	0.0943225268844406	0.0149877053889544	0.0111573724496378	-0.0035512545687537
"170"	"Leucippus_fallax"	"Males"	-0.0423009283544475	1.65991390558996	1.65839465837867	0.237709035610623	0.276591738417929	0.106721975490915	-0.62372189827112	0.0334691086603829	0.0573279506385666	-0.00392732158912308	0.0669437488082399	-0.0452599635538011	0.00695548277953276	-0.0201342047789696
"171"	"Metallura_iracunda"	"Females"	-1.64313195159856	-4.04065975589558	-1.24970168602974	-0.307744312062396	0.381520951379588	0.508681501885744	-0.0640197678147897	0.0455988949864136	-0.0594649140364642	0.0033551050729127	0.0284222655701067	-0.0139759261732512	0.0295082712196814	-0.0608662859505041
"172"	"Metallura_iracunda"	"Males"	-0.645691722405669	-3.55057755256583	-0.157505999866235	0.0321008698444853	0.0940682206023836	0.337138064593456	0.0686098168172527	-0.0377939631684903	0.0373486950895832	0.057063564965553	0.0282979425565511	-0.0196916326966289	-0.00124282067329798	-0.0188704050095936
"173"	"Metallura_tyrianthina"	"Females"	-2.242138707056	-3.28159430421069	-0.702555627839315	0.859697708445405	0.199806664718363	0.341508710411102	-0.0159866087148129	0.0646928958826485	-0.168523095191963	-0.0809892738274273	-0.0106173735348728	-0.007686782418611	0.0398778618036288	-0.00717125260439418
"174"	"Metallura_tyrianthina"	"Males"	-1.48684012769996	-2.79558947522934	0.634047283494868	1.27193262215236	-0.180293522880038	0.478707919009353	0.0629757037674498	0.0565347345982324	-0.101687058533718	0.0130948059927315	-0.0392227239256002	0.0257842392734563	0.00846642401107619	0.013185569504793
"175"	"Metallura_williami"	"Females"	-0.949850340230192	-4.02878868444053	-1.02642654670112	0.542406449677158	0.318947434678638	0.0829180789587168	0.0758743981427416	0.208779226722407	-0.0949624808379172	0.0368473066959318	0.0177430816461116	0.0362555457966405	-0.00841476261757981	-0.0375122462817467
"176"	"Metallura_williami"	"Males"	-0.38978306470624	-3.77258728384602	-0.347790792571916	0.844682863096878	0.209803596643228	0.0704852468105779	-0.110865851219185	0.141090526555634	0.0101597788040809	0.0125899528853166	0.0551507981076496	0.0282999916936857	-0.0242706083858731	-0.00996505586237326
"177"	"Ocreatus_underwoodii"	"Females"	-4.54086586229704	0.956277450012612	1.04544393600371	-0.550278851361606	-0.18659230514072	0.275419157678409	0.425158089817765	-0.245060600326669	0.00356965485344142	-0.0881718232450829	-0.0413773371714864	0.0211100010943943	-0.0750910420966097	0.00210920305704344
"178"	"Ocreatus_underwoodii"	"Males"	-3.90352846501206	1.6618190143559	2.64152171303014	0.500453548073837	-3.19813301309098	-0.249858345037548	-0.00838448193287797	-0.227873425779509	0.0173787656288129	-0.298161007983207	-0.0774675307028002	0.023881477590779	-0.0745533382589475	-0.0710112939608794
"179"	"Opisthoprora_euryptera"	"Females"	0.858217124058638	-3.08591509845852	-1.28323310130993	0.122549694971862	0.777767503377169	-1.6621703470198	0.00381929433034862	-0.475962731850607	0.0528215644449769	0.124514406500634	-0.00259980188046349	0.0620376842406785	-0.0323993826439153	-0.0497333536770233
"180"	"Opisthoprora_euryptera"	"Males"	1.80746999944741	-2.58800063157367	-0.0283697068189466	1.67390964334118	0.330696798935932	-1.91385048563268	0.167339042355858	-0.696586233863884	0.102507062334694	0.148808233969736	-0.0468665382417725	0.0594980859729613	-0.0864533244629791	0.0383393748180836
"181"	"Oxypogon_guerinii"	"Females"	-0.398757195877742	-4.06309305222457	-0.500204908441113	-0.702272425750199	0.205127708617264	-0.0939960123832794	0.668327948553361	0.0484682414916777	-0.0551317437373301	0.136057797840223	-0.0416656950551285	-0.0797991974420429	-0.0117045078622157	-0.0506261254493242
"182"	"Oxypogon_guerinii"	"Males"	0.679503153096211	-3.44693600497728	0.860496334438004	-0.232693819051298	-0.0414055589378646	-0.341549758268731	0.619820069779756	0.0734080566648361	0.00451226769442169	0.119903921696128	-0.0293930294805627	-0.0371931852036154	-0.0252031254537471	-0.016890209174806
"183"	"Phaethornis_anthophilus"	"Females"	0.514382469029093	-0.341931411871965	-1.93782039425276	1.04706987389514	-1.14560525654296	0.0946834307730053	-0.595266926840904	0.226109679710122	-0.0240438607206552	-0.0343256380621692	-0.0122155725030553	0.00528844706059173	0.00598422587652248	0.023809953549468
"184"	"Phaethornis_anthophilus"	"Males"	1.42825630300685	0.470993662385357	-1.17035477323012	1.19423048607008	-1.23124923542242	0.406755328709863	-0.473831746845338	0.26123607014507	-0.0246588025659003	-0.0855746554311829	0.0675731358934142	0.015613062676673	-0.00720851450461296	0.0239225024929025
"185"	"Phaethornis_atrimentalis"	"Females"	-3.2901916403599	1.76162175016854	-0.508814317499598	0.796471107224573	-0.865754702018352	0.181117987513289	-0.0614767908808575	0.133129071953144	0.0424356641046047	-0.219010653702249	-0.0348343777344251	0.00852127073136854	0.00456382331376975	-0.0177662648766185
"186"	"Phaethornis_atrimentalis"	"Males"	-3.60214682501008	2.26463083876353	-0.31054509469663	1.05563861853311	-0.816909475048627	0.0699287019288643	-0.101083248962584	0.20794501945331	0.0995733456424218	-0.205464974873238	-0.106947657692976	0.0229042598082747	-0.00778465661031967	-0.0290227654829663
"187"	"Phaethornis_augusti"	"Females"	0.789442215168759	-0.119406097466418	-1.27452965265695	-0.694941138063856	-2.03302182220088	0.482093339344148	-0.742570134175713	-0.048119643631671	0.110310094081842	0.0285309866481309	-0.00433329241958218	-0.0310319978617488	0.0121261709009316	-0.00168667118791542
"188"	"Phaethornis_augusti"	"Males"	1.55240231871686	0.120357459686025	-1.30581138515446	-0.257083825360192	-2.06203941026296	0.293390042610456	-0.929398412762529	-0.0257156796357661	0.149368005887288	0.0502518555784992	-0.0104306905490403	0.0209909425189844	0.00154016340228931	0.00154706494026236
"189"	"Phaethornis_bourcieri"	"Females"	-0.173028993703188	-0.763238362010462	-1.77235402895762	-0.25676316906248	-0.945686617699227	0.467257092187411	-0.589284879112485	-0.250887719231354	0.10942344806872	0.00884086242499903	0.000513267703584906	-0.0311151423325794	0.0283865158863114	-0.00801857878418812
"190"	"Phaethornis_bourcieri"	"Males"	0.584362440243207	-0.073010669164091	-0.85086560824518	0.161782824503863	-1.20037704851307	0.66129655638382	-0.574379518796817	-0.249192020881007	0.145205676645318	-0.0412752553814876	0.0562464692002996	-0.0569105742457813	0.0168095149996242	0.0115666679522202
"191"	"Phaethornis_griseogularis"	"Females"	-4.50850686447245	0.88559006718648	-1.87523968723992	-0.538716608741871	-0.362235813899729	-0.165494505818117	0.0532402460646178	-0.148827197064949	0.17591065182834	-0.117033763161711	-0.109009664325117	0.0283379212614872	0.0227073880361308	-0.000796606171060884
"192"	"Phaethornis_griseogularis"	"Males"	-5.07787045887112	0.946663494961291	-2.23018292734617	-0.727531134993092	-0.152507479897545	-0.347006784527439	0.309566216080685	0.0171801624869887	0.182807664085528	-0.126850930277439	-0.0891752018565503	0.0218155358695614	0.0244734648146246	0.00436797193504531
"193"	"Phaethornis_guy"	"Females"	1.00874076034862	1.23499710355433	-1.63812619849072	-0.697275421239985	-1.40023419033281	0.656267997862678	-0.144093666250921	0.0937271057235859	-0.0240377063121312	0.061968318181622	0.022229123087155	0.0379082455314541	-0.00119026910766405	-0.00166263484021175
"194"	"Phaethornis_guy"	"Males"	1.50275672548462	1.52377985158053	-1.5269913781339	-0.45507754738711	-0.903669616555641	0.968099203753655	-0.0707918312630612	0.195633085103873	-0.0472146148153446	0.0664629519366046	0.0144785548271069	0.0368826270631796	-0.00216218863730727	-0.00286524265618605
"195"	"Phaethornis_hispidus"	"Females"	0.787913802317822	-0.787889780927226	-2.71817798721622	0.133011473542218	-0.902762969540855	-0.21554440909573	-0.548088372260513	0.138554414522439	-0.00720206279219464	-0.0488362333562699	0.0695732918650978	-0.00563782682408489	0.0119790183797814	-0.0169964527888743
"196"	"Phaethornis_hispidus"	"Males"	1.68189847291918	-0.43882411068057	-2.02670498724077	0.225925431228885	-0.937419122703032	0.128304493041224	-0.616429693768957	0.204856341544733	0.0250899794150483	-0.0307602960988674	0.0534816053357374	0.00983715917459341	-0.00737343934980556	-0.00844317452258936
"197"	"Phaethornis_longirostris"	"Females"	2.39548742287223	0.9126144321161	-2.16617095922433	-0.259697538726963	-1.37624747314493	0.284470091418854	-0.503681630866922	0.418597133267812	-0.0608556713344181	0.0330434070627309	-0.0179550753639511	0.00389644707134821	-0.0121825723025808	-0.00811696915025894
"198"	"Phaethornis_longirostris"	"Males"	3.09499731072991	1.25482009888106	-1.83242513305628	0.0477370275186095	-1.33078200278316	0.393988467191144	-0.452383333393555	0.362769157044832	-0.0423272742120434	0.00272183794804445	0.000885682125826977	0.0133783173271214	-0.0158932531784052	-0.00108055365521989
"199"	"Phaethornis_malaris"	"Females"	1.63142973667732	0.490827051000752	-2.70030518232905	-0.905761960430644	-0.90941499417074	-0.0650116936828979	-0.417406202545114	0.151952063529756	-0.0287966533139085	0.0371297029236824	0.0179950526911532	-0.0120591235489734	0.00328261255060009	-0.013748491735682
"200"	"Phaethornis_malaris"	"Males"	2.44309513248352	0.850241766095957	-2.47808811854817	-0.708480957650141	-0.996921717523701	0.199769901590534	-0.362008321770553	0.226679507669825	-0.0346596386796108	0.0353909940083603	0.00402291805984083	0.000909517787123051	-0.00664879347649576	-0.0088931776249128
"201"	"Phaethornis_philippii"	"Females"	0.633118252842344	0.363008160661103	-0.927751430952759	0.673689266901711	-1.24979058232939	0.563331949836933	-0.700460675283918	0.112605963992125	0.0476807602238251	-0.0832290099106679	0.017350842840206	-0.11455497903152	0.0117005947635921	0.0153200521015113
"202"	"Phaethornis_philippii"	"Males"	1.80324942997414	0.430627149701047	-0.726082771471314	1.21669678758485	-1.33171176597661	0.555409387425301	-0.54759412125866	0.0490687170036029	0.0910872811348058	-0.118818228804551	0.118690534542997	-0.0348415029460889	0.000708564086611799	0.0182849520650933
"203"	"Phaethornis_ruber"	"Females"	-5.27252824379124	0.471157658879215	-2.87927919221182	-1.10837810925121	0.023344531910116	-0.71170401494558	0.498830591986311	0.198286265646211	0.150630640387682	-0.0165591728066177	-0.107869201589919	0.0217569495064261	0.050900540140905	-0.00276580743482528
"204"	"Phaethornis_ruber"	"Males"	-6.07704086485215	1.52815028197527	-2.94103684628982	-1.06956447336907	0.200646184336929	-1.35118799436955	0.890258812468123	0.541068972685417	0.325906250190797	0.000785224431563761	-0.0593052003577082	-0.0176402844235944	0.0256539604158286	0.00184664122454111
"205"	"Phaethornis_striigularis"	"Females"	-3.97924913296395	0.829796272649345	-1.42981750826556	-0.385909033035082	-0.479709704683921	0.085357579119518	0.0218508432771119	0.117257666368551	0.0259581913513877	-0.123772515097373	-0.0830914354257218	0.0170657105935979	0.00936606191963982	-0.00812498786256566
"206"	"Phaethornis_striigularis"	"Males"	-4.29148947235881	1.40451207527334	-1.1586068265549	0.174134865483247	-0.415617950143614	-0.128612336021509	0.0758493745872471	0.229641328599709	0.0815682547507235	-0.163339350804881	-0.0961743876695906	0.0255658133808137	0.00549817110151403	-0.00644379570586303
"207"	"Phaethornis_syrmatophorus"	"Females"	2.19780096005925	0.622807866355518	-1.9348250714406	1.07245545857656	-1.6270027540409	0.00268379214819231	-0.359534757895215	0.127946478355028	-0.0122070385216289	-0.0083775829033984	-4.35223740003379e-05	-0.0234864269679719	-0.0176255744426931	0.0207752709188616
"208"	"Phaethornis_syrmatophorus"	"Males"	2.9589661333551	1.2251640196328	-1.29537035006442	1.80102261711014	-1.902147938539	0.199282240618673	-0.216029601185286	0.0457202128493218	0.0131162535594375	-0.0318579351493286	0.0178818239382472	-0.0239375140783877	-0.02863626014777	0.0390500105705436
"209"	"Phaethornis_yaruqui"	"Females"	1.52666349209791	1.70563423629572	-1.67037587865794	-0.0811939056022718	-0.943058543844473	0.478842696881634	-0.354555366371212	0.208993197196177	-0.0255136649696403	0.0233697392474107	0.0391512311268461	0.0327103332632452	0.00395995881736512	-0.0097851520947956
"210"	"Phaethornis_yaruqui"	"Males"	2.28951547417841	2.04058460503226	-1.35122984061527	0.264686356842706	-0.717038704624957	0.91413721186691	-0.260297311782491	0.145843254763229	0.0143778432715618	-0.0052409544411396	0.0560942535726896	-0.00319242551617583	0.00209922847481802	0.00285965873777809
"211"	"Polytmus_guainumbi"	"Females"	-0.724167477692873	0.321261928233195	0.24340369925733	0.280145626834607	0.070117325851954	0.55453401205895	-0.580834162867615	0.0470219260336336	0.027648719638577	-0.029683590224353	0.0308931079563789	-0.0255414478110108	0.0125592030770566	-0.00636519227847534
"212"	"Polytmus_guainumbi"	"Males"	0.00359012279866699	0.257081032478301	0.311133779588128	0.454726407482381	0.0297999405704495	0.331168552620922	-0.493485019706943	0.064915774469561	0.0317652060618566	0.093705958012443	-0.039303173129057	0.0316398307614262	0.0044646403761732	-0.00360976639832114
"213"	"Polytmus_theresiae"	"Females"	-1.6665986444551	-1.13249773627254	-0.331393992587442	-0.548948625760348	0.379374543522447	1.15240786186746	-0.439922162703958	-0.630331802545561	0.171182469521572	0.0977558200908101	-0.0424986159369688	0.0665289350164275	0.0196516923561274	0.00115344923760944
"214"	"Polytmus_theresiae"	"Males"	-0.93152163294108	-0.45365332734403	0.757619399703029	0.200947098793593	0.265145811372812	1.17470288505404	-0.889363127530234	-0.254437242471298	0.1739934319116	-0.0331164476800013	0.0388442989169778	0.000665008437581572	0.0153469644733617	0.00533143649658169
"215"	"Pterophanes_cyanopterus"	"Females"	7.29238529789057	-2.01084995586238	0.919042309451858	-0.825174528614103	0.349853934780662	0.687609143249538	1.59266859713815	0.3621189020063	0.591467307220832	-0.325017245339708	-0.115654767505617	-0.0307222297833092	-0.0325315997709528	0.00838047899754763
"216"	"Pterophanes_cyanopterus"	"Males"	8.56101041780771	-1.85026178147919	2.17902252192736	-1.16799128742978	0.310265386795645	0.794379942666209	1.58429608120975	0.636809361720542	0.900761291022467	-0.314693503069534	-0.260634036819	0.029549921568052	0.0398500507644774	0.0195252370185426
"217"	"Ramphomicron_microrhynchum"	"Females"	-3.35849553347922	-1.04047322498949	0.511186440313355	1.18774242370842	0.144812871181276	-0.564722874371743	-0.0995666438660081	-0.280292012918685	-0.0124514834221839	-0.0714177272803118	-0.109976563089165	-0.0620774465888927	0.0477312404582822	0.0109130107915538
"218"	"Ramphomicron_microrhynchum"	"Males"	-2.80625033029929	-0.873413630965466	1.12943425263235	0.735374453528505	-0.584150033521261	-0.858613905326876	0.0376886985501848	-0.22967068558766	-0.0504244307947482	0.0166605725507204	-0.0880566811872903	-0.0119575575489855	0.0242666010746309	0.00378448168422665
"219"	"Schistes_geoffroyii"	"Females"	-2.70479963356378	0.204235464767071	0.767183994174798	-0.0255068840577438	0.192157052902806	0.259831776512201	-0.460098950916746	-0.278687980418075	0.0781955994732054	0.0128793791726785	-0.0746896096507261	0.00822653882331579	-0.00619446822969845	-0.00468847513871935
"220"	"Schistes_geoffroyii"	"Males"	-1.78052816332722	0.517053119027725	1.84231195777961	1.11300782076343	-0.110832540752703	0.354177380430736	-0.832420641896523	-0.14515140570848	0.086998752654637	-0.0326449157813603	-0.0759363957360219	0.0171287378751911	-0.00138584238637353	-0.00934871082309543
"221"	"Thalurania_colombica"	"Females"	-1.96393854896096	0.621922936872684	0.581010789475737	0.443620799973939	0.0554453047748299	0.425218528363106	0.00990181581059631	-0.162151678068249	-0.005643293373103	-0.0536324744522347	0.0341061425777111	-0.0344168183448752	0.00522089620715203	-0.00697780741259483
"222"	"Thalurania_colombica"	"Males"	-1.4012849792673	1.22387958245123	1.50104806984624	0.453771705744699	-0.348692017455825	0.0713270808023976	0.00482261995997144	-0.107149601589921	-0.0130782651273762	-0.00827725895052987	0.0481510527450083	-0.00183453705624836	-0.00355388707700869	-0.026657141820291
"223"	"Thalurania_furcata"	"Females"	-1.86055816763571	0.701429290198846	0.0965909528444458	-0.415227941663175	0.24165045437882	0.351443936319304	-0.0104918249836392	-0.169249591075405	0.0131393108124601	0.0147041763637494	0.0392035189216296	-0.0282105670547489	-0.00560705802064281	0.00388316540193092
"224"	"Thalurania_furcata"	"Males"	-0.938993793836149	1.14033043645847	1.18551317699194	-0.240829045312818	-0.189041045849322	0.322829832242589	-0.0708367536659942	-0.20960914610134	0.0354945470289602	0.0338754021980232	0.056636351768077	-0.0154883380242816	-0.00832706978618424	0.000901325837148508
"225"	"Threnetes_leucurus"	"Females"	1.00128585138337	0.571597595935503	-1.79398066087973	0.156657421372652	0.809387593640124	-0.283572288765926	-1.15500114665478	-0.309389611377155	0.257971672039478	0.0872112481648454	-0.00594924429906759	-0.0337533553932088	0.0191464437584132	-0.00128565264831346
"226"	"Threnetes_leucurus"	"Males"	1.90382705987216	1.27526961710039	-0.73998455276758	0.414293106276268	0.713293990782402	-0.299242415700674	-1.29449180164228	-0.162317391941092	0.236934316972807	0.0985278653634808	-0.0250926881573771	0.00378410538356881	0.0084367768262895	-0.000179761376362226
"227"	"Threnetes_ruckeri"	"Females"	1.33171195777397	0.360897338282029	-2.58469946634721	0.331932645573131	0.933928877442852	-0.942001062620356	-1.13197924287253	-0.0710303836797303	0.15375412600685	0.106439845413352	-0.0251840078842806	0.0205128536735851	0.00917936322681079	-0.0138119094088726
"228"	"Threnetes_ruckeri"	"Males"	1.8729276782376	0.635622791231563	-1.98795940209154	0.317339790658554	0.882575255589022	-0.841483854734089	-1.1886513847519	-0.0355855074073896	0.145737116238963	0.0921719338195938	-0.0243477639995779	0.0226517274688195	0.00186802367342581	-0.0092553465437324
"229"	"Urochroa_bougueri"	"Females"	4.7625585644256	1.61493954891372	0.0333210159443011	0.880980017266746	0.601564048261482	-1.67892043395656	1.02355733094246	-0.745292245562166	-0.331640721498584	-0.139770119277333	0.00143581709729851	0.087714516152605	-0.00969519120684637	-0.00446659945466406
"230"	"Urochroa_bougueri"	"Males"	5.48161875846507	1.93548483043091	0.375313665116017	0.802837101613066	0.875948519802947	-2.41019824255521	0.37778458781316	-0.167869851072576	-0.553016615897692	-0.208596728932001	-0.132139798672586	0.06333695987572	-0.0246224265524066	-0.000136581449490639
"231"	"Urosticte_benjamini"	"Females"	-2.949981661791	0.644140258446676	-0.227585605041878	-0.649886534149181	0.26805832696274	0.253795647563687	0.0506934199612255	0.211688097438203	-0.0919194783882246	-0.0556700241775108	0.037186057766551	-0.0448788411133838	-0.0186058559371293	0.0142910395953521
"232"	"Urosticte_benjamini"	"Males"	-2.1306892280615	1.62794523062521	1.40347463849704	-0.747410671659467	-0.327968114605748	0.49010977050919	-0.143048031734566	0.1783263055435	-0.0731969218710537	-0.119169055167049	0.136385757215811	-0.0419057329840136	-0.04969316516871	0.0103426270159649
"233"	"Urosticte_ruficrissa"	"Females"	-1.54218451726208	-0.183500875921205	-0.0926987860289009	0.297514407006369	0.0817673378623662	0.252443685433178	0.154144174085807	0.220881223340661	-0.158290819958003	0.0861546641450215	-0.0685086872159229	0.0334521729433803	0.00614382723679845	-0.00576952527252278
"234"	"Urosticte_ruficrissa"	"Males"	-0.968090734536885	-0.258377115144808	0.274940373912903	0.246995503392358	-0.0222937489364458	0.0288539391541791	0.115041553496255	0.205641958970928	-0.144026985421197	0.121027018642348	-0.0802899579960324	0.00436844323508528	0.00194580244468011	-0.00141865805805615
